-0.013666110315609135
-0.05072747742495912
-0.10188421450333265
-0.15163749142221458
-0.1842171962472503
-0.1818243004091307
-0.13267326695517054
-0.005318952513829932
0.2014258042928688
0.5096428790497828
0.9254128376929538
1.4656362803020873
2.1315116699467533
2.93019676737436
3.863663502747333
4.933350161502886
6.148392717138678
7.478529537612655
8.951800028412752
10.55328931266212
12.252312634304266
14.038895913701129
15.95227937904304
17.943101119913596
20.000709427416684
22.143954773406353
24.354636823273815
26.604321400181572
28.895632774826655
31.222786650370566
33.59117497437515
35.93906610890723
38.321597383877624
40.75018945874194
43.21039199526095
45.589486589080934
47.99269198938247
50.33864074392078
52.74993937604175
55.1199338629254
57.49875779756969
59.894015553253716
62.28113692743704
64.60355344264083
67.02581945145786
69.38776569250474
71.78518750512112
74.18154636820626
76.58564265513625
78.99906813616542
81.43776833794982
83.91316994496376
86.37595474770362
88.90013010028986
91.41001772791508
93.96599386840255
96.5558268016445
99.1332010276133
101.7276061950678
104.41485752391681
107.0303540390446
109.75503582408942
112.39365115870042
115.11214396059962
117.77878702934558
120.48228065882208
123.17978155713067
125.88243717612777
128.52813754924162
131.15488877669247
133.80618663299978
136.46000655461458
139.04575621687098
141.68056981792563
144.13612117092825
146.5612039502891
149.02651310456653
151.38757292239617
153.63227769464748
155.913472436615
158.06996415335456
160.2033106548205
162.3348229313977
164.29763286212636
166.24640805920524
168.09485290294097
169.76113103582267
171.60289082779477
173.22266445477612
174.82305878788372
176.2957477416902
177.73560441037046
179.19971347222113
180.61575520252558
181.88540047873428
183.20004233148063
184.39402901196138
185.5511779777261
186.71183527837695
187.897072033836
189.05356655463154
190.16046063226187
191.1806792824788
192.26793763971287
193.25533515841846
194.35091437378145
195.31582568657052
196.32736755957222
197.41898988220353
198.49334975621812
199.48812585355694
200.59084154900947
201.62876423892334
202.69331435283374
203.7059606818507
204.82896458194247
205.88910285444138
207.0082948739792
208.15798924000754
209.18449992907563
210.18989269822572
211.3422235369068
212.390585292884
213.45471882143008
214.5070488438413
215.62890865438305
216.6369832607054
217.7282296529941
218.78520414891162
219.77735501933049
220.7283428443535
221.75130923804775
222.80083965824147
223.64598420953385
224.58713977209854
225.4848012594798
226.33371260379826
227.10562158235126
227.84327521763146
228.56260824262205
229.24194759588386
229.89800513632218
230.60258171227485
231.10719008770857
231.6104100462111
232.05988649552944
232.650581571862
233.07596470461243
233.52389373129657
233.84231885859995
234.08632255360655
234.4286705553707
234.65979117775458
235.07345479170974
235.26385901678054
235.554380838021
235.69303802338817
235.86331626809533
236.0658936094636
236.2113768676649
236.2904321239404
236.4641856016708
236.68679728988812
236.76884141423645
236.97508248848524
237.0594739151075
237.14726968957484
237.41789294908438
237.47649304106432
237.6368279209384
237.82724888235592
237.92209216108557
238.13351213072167
238.31958397124257
238.5201665327052
238.68311091183233
238.8612142688878
238.97741798502332
239.26111063714797
239.34610476620858
239.54517370120672
239.7968579699319
239.96343942550328
240.231695469085
240.42595606476993
240.6741129414103
240.82568018251084
241.02887590570467
241.22609608799482
241.40233545686394
241.59119732513594
241.7459613045814
241.90556150994144
242.09126137689142
242.28329620802268
242.3393454847359
242.36447935252144
242.5401465089942
242.5380551173351
242.63871928287833
242.68880430751193
242.70061598257905
242.67643172379064
242.60629883437838
242.63717064190186
242.61795893594916
242.5096274497911
242.46211496519692
242.35801609988928
242.27547513354799
242.1609492109499
242.0345784338432
241.90633850176653
241.77279676624823
241.67578153209215
241.52010871681537
241.31654725543515
241.1785257035142
241.0663617994376
240.87237592476868
240.67146590549595
240.4329324401495
240.3134297569478
240.1363492812657
239.96784493315454
239.71270529971116
239.53088013342477
239.4075566030669
239.0978073971298
238.8604171323043
238.7685707619194
238.58275736332723
238.38426111075898
238.213219281119
238.0160959974621
237.903461027979
237.66144543413895
237.52409541227124
237.28897357574073
237.21664599449883
237.06756092728875
236.91668138710065
236.7118141379068
236.51138578622812
236.44269172109892
236.14695748462816
235.99258036005963
235.91359488533467
235.770540000388
235.57822993474983
235.47328308436883
235.30235225481997
235.15603096980976
234.91726538831097
234.77539124127702
234.57312160481962
234.4741721323498
234.2169775132432
233.96966273712422
233.81307896260216
233.67407061032566
233.34029096680598
233.11610462303022
232.94385181784827
232.7627281511291
232.5629450638667
232.25954303542537
231.95313338303342
231.7552852381994
231.55677038620223
231.2919717104775
231.0199440710476
230.80190621160142
230.4325945277885
230.11867681045268
229.86496251477516
229.58324103495008
229.3200996251904
229.01607943543038
228.7828250844664
228.42695957681886
228.1424998638761
227.88383519012842
227.56473716572745
227.30530220811573
226.9581665999016
226.66373252256375
226.38482435921625
226.1042087800613
225.75697403240238
225.4264293629936
225.26822549035842
224.94723113114662
224.58526316300828
224.39301837716462
224.06698521015457
223.7373125765854
223.48273711343026
223.17005926752455
222.89802931399623
222.593885135614
222.31058682667285
222.07283769504667
221.69995384370583
221.4658993915146
221.26222132550853
220.88696622830693
220.59722754325946
220.3691988592055
220.11763177116376
219.84142736600816
219.51125814765464
219.17402513102846
218.9051681229136
218.7190304316062
218.4079310935212
218.1224714572916
217.8862079642154
217.57243127113784
217.24283772779404
216.93964116764272
216.64579408147043
216.4160959679572
216.11872335554
215.82588720993968
215.5370325123819
215.21901060393543
214.9270453663978
214.6796710383558
214.37554356823549
214.02567499568795
213.76420062049021
213.47459625402033
213.13736047394514
212.8281018769747
212.52327238752798
212.24075491582192
211.88731805594415
211.563371014986
211.22824648084415
210.92013065074138
210.56110798728292
210.23777322901603
209.98798370214791
209.6737049974819
209.29553211191228
209.05752182191029
208.67262304154224
208.35854018257044
208.10089536398127
207.8127969589445
207.4077591782152
207.13032448632902
206.79013248399698
206.50267740417374
206.24807004561617
205.88627026446161
205.5918037960004
205.32048721319052
204.97564079738603
204.67732696182978
204.39385844562298
204.05202051509198
203.7638469521495
203.44507502166834
203.1410395744655
202.79468757252178
202.47209740442963
202.17942015737015
201.9768514305766
201.70374616750797
201.3083258606725
201.0183451407366
200.6820888460012
200.3786841882195
200.0809629815011
199.84272901639022
199.5170819933377
199.20696517287962
198.88415205580543
198.60699142308576
198.36794387985944
198.01410175147026
197.69070008206162
197.37158653242088
197.12216930654952
196.90954844879568
196.51510343852593
196.246088277874
195.94949032729454
195.68541619888657
195.32506961612725
194.96390273089503
194.73415677721005
194.4395295689015
194.13938508892002
193.85215914220578
193.56054365661313
193.23734467910282
192.92809925139784
184.01197720743107
175.5306546809414
167.4043311210136
159.71623934654824
152.4078385388955
145.49499260437761
138.97637581334618
132.882742633061
127.13193822602193
121.72353703115112
116.57652177680708
111.8551091093275
107.26153373657247
103.01990157069271
98.94832187840846
95.14542032050646
91.59301446756128
88.21251781993163
84.99342325140034
81.9486239423525
53.90129935649555
42.232006496917364
22.5424530169729
7.552620228747877
2.6027667673890895
0.6898837860586766
0.05526536515297134
0.
0.
0.