-0.030434120405217674
-0.11867538905814044
-0.2536848481033011
-0.4186048988264746
-0.5994002344705462
-0.7705567689232611
-0.9082929622833985
-0.9942299897616172
-1.0130534151795485
-0.9243998304718875
-0.7560891866811031
-0.47574311956236515
-0.0651785249821527
0.43672508727859677
0.986595467800777
1.646985051503777
2.379173206795394
3.0995529343427783
3.829267652207712
4.506191276655021
5.076891249850968
5.587293188154783
5.885404635196334
6.012900038466613
5.917826889594163
5.4762650022556185
4.79673521433667
3.7504264094708164
2.38376656676895
0.6634124652328018
-1.4811403240108816
-4.000558853725685
-6.890505768719879
-10.150806134751331
-13.78903591162407
-17.76624485572869
-22.07775167581736
-26.742546857252123
-31.692518232898042
-36.87162434859722
-42.29131922199974
-47.82736995321033
-53.40692584930956
-59.228743828882436
-64.95729925915775
-70.86588995765656
-76.59134993616068
-82.22979102348106
-87.77235889362339
-93.12421716713789
-98.21648079314171
-103.08264303910016
-107.72438307337872
-111.99807989407813
-115.85438982174686
-119.52667737488059
-122.70094303896236
-125.46845288245501
-127.88507575916735
-129.89113502091516
-131.34509670651988
-132.51516914243888
-133.24773212959485
-133.49516940342932
-133.1727737302325
-132.76870905093025
-131.84658630621936
-130.61403437285458
-129.10330140763978
-127.2418670953927
-125.1309812294901
-122.84417345035264
-120.37298819355708
-117.63615790385525
-114.86434945100702
-111.95920979034914
-108.92298573575545
-105.95104740774916
-103.00203507256602
-100.008060420482
-97.0202229496938
-94.2980287726347
-91.62593926036438
-88.97606103639166
-86.59048247672791
-84.22002767829547
-82.24687921386511
-80.3789936075794
-78.69909705385915
-77.22825713386635
-75.99108191546578
-74.87198580836247
-74.10097561493632
-73.50374404682876
-73.05332026944862
-72.81850756674932
-72.77802750854457
-72.85006148459865
-73.22476246642871
-73.55197344852749
-74.0754791144364
-74.74857492914067
-75.46338194826512
-76.24712718283064
-77.07486034824726
-77.90743316512823
-78.81466488192277
-79.63574310803013
-80.49577128068036
-81.37287583714577
-82.14020148159968
-82.83251240700837
-83.48332025129359
-83.98711256910583
-84.36488603421031
-84.80797147133391
-85.05740427600131
-85.14402884708684
-85.14665395236915
-84.95921851297928
-84.74924183590612
-84.33985849865624
-83.83997958155382
-83.18366787648372
-82.44326243083825
-81.7357814983488
-80.76762419911158
-79.71315090788093
-78.60842872864472
-77.46741571673253
-76.21071036011567
-74.85258389634252
-73.55405197925438
-72.18736558421836
-70.72937851159658
-69.38583380075181
-67.97794947480686
-66.56678937573938
-65.18452074998086
-63.81752105855774
-62.54354697344078
-61.25581243913254
-60.065760770525934
-58.915010844371494
-57.81158302387045
-56.76568513928828
-55.85531712484853
-54.95803695158466
-54.162156561827466
-53.4719573714992
-52.87400889268402
-52.26441975795272
-51.740959811287084
-51.359390212084705
-51.01009333397662
-50.82377818436514
-50.52772392085887
-50.415553808013435
-50.250766730288966
-50.22231005690636
-50.19012380239283
-50.20238177628342
-50.242444535170904
-50.34648807879329
-50.36231280776362
-50.48518203032621
-50.62795223117274
-50.69815401636183
-50.8109226208889
-50.89062108519841
-50.95694135457553
-51.018427221494846
-51.02505097493665
-51.0323431281949
-51.05178854740507
-50.926157675316574
-50.85249021333733
-50.694299289107896
-50.54763218026006
-50.24417898147993
-50.04817040208505
-49.79361797974475
-49.44203252735967
-49.07973268049754
-48.68128906329332
-48.22051622047943
-47.8293273174525
-47.31040089155383
-46.78715000124094
-46.24660184158891
-45.644042553053666
-45.04046952268973
-44.50640914618401
-43.94650607537285
-43.293654572914356
-42.75349646172163
-42.074245897404445
-41.506994957612136
-40.905362070083285
-40.36352344527728
-39.7844385587495
-39.259110717537034
-38.70434007750495
-38.22216018040546
-37.699554129423476
-37.258364912491274
-36.78877391836952
-36.429686901981526
-35.995885919870474
-35.69638383203293
-35.34528410085016
-35.032115444003246
-34.76798188695845
-34.51342366262366
-34.24165956279829
-34.02687576975525
-33.83934963136664
-33.73602295469187
-33.54961859284134
-33.40827086900318
-33.33794901301681
-33.2792362785937
-33.075555065237985
-33.06086384455483
-32.943237384539415
-32.870418321495706
-32.864935928922755
-32.746465535091055
-32.63985383438403
-32.59926878035829
-32.51967798232374
-32.49722024257004
-32.41438331583922
-32.234942523614116
-32.216875863025784
-32.113612425212025
-31.97128575402879
-31.824435290468443
-31.73498755027313
-31.547005295352836
-31.407159561055696
-31.12891147586052
-31.033490283386435
-30.81215977862686
-30.642481128565944
-30.411888549893195
-30.175722791951152
-29.96155116455646
-29.675519660791583
-29.509613805506874
-29.1981975408158
-28.94573274565255
-28.66278736396624
-28.33902241556101
-28.097785464847018
-27.853509182657515
-27.594602606809126
-27.32756243910378
-27.053998469030557
-26.787011520492204
-26.532200270623814
-26.29313608460402
-26.040139058477333
-25.81197550537626
-25.540278589654072
-25.343919953417394
-25.08425881356713
-24.901968645939895
-24.697580560535076
-24.492414032032574
-24.32035630917882
-24.127278643771213
-23.96183872674517
-23.797457971456772
-23.6804763214504
-23.521749163990002
-23.380441672086324
-23.234207990496007
-23.11937085846364
-22.991325104710448
-22.90805244307813
-22.827806840168776
-22.653099692337065
-22.58987015959451
-22.49970910800645
-22.448309031505946
-22.310995357768206
-22.260386383082544
-22.14301546301778
-22.086798263449094
-22.000600206244947
-21.941724629046576
-21.815829916475078
-21.71396954335134
-21.660136897190363
-21.580013446029923
-21.4613086376798
-21.34263600977019
-21.227286508624676
-21.1646975993849
-21.08830613555479
-20.94887031199503
-20.82330171347359
-20.685447297232052
-20.612330993223416
-20.484887895321858
-20.345882196233326
-20.21003884281331
-20.1172397961113
-19.97889467562203
-19.86998148015137
-19.731476359781702
-19.59355164510948
-19.440796540569018
-19.30440794471458
-19.172290096077223
-19.033935102776915
-18.906231943074893
-18.736447916872883
-18.622678137121195
-18.48540859881207
-18.373495559250248
-18.230231534761742
-18.10907872925777
-17.981833326670763
-17.8486368305091
-17.720796795837245
-17.590219068239186
-17.51235962167885
-17.375606999189323
-17.293006039328823
-17.141651691800277
-17.061798514861007
-16.978347005260282
-16.851739641317998
-16.758796850574672
-16.678075085610352
-16.575939997333855
-16.46480373962022
-16.399344016100336
-16.324516161777105
-16.197045888991614
-16.155073462380813
-16.089068907321884
-16.02302941170538
-15.904529671919107
-15.929551868604985
-15.8377556460079
-15.78231508148007
-15.622867221460446
-15.605390760395565
-15.426143790664401
-15.461556857559444
-15.378769943332411
-15.317499068945837
-15.139939250315916
-15.194456323500447
-15.125935261643427
-14.93640910238044
-14.903989590039508
-14.910067257434735
-14.813370474774844
-14.756169184384882
-14.700516469178663
-14.639835265422102
-14.554747524809214
-14.429350501707644
-14.418734058991907
-14.272728022368746
-14.261904581817765
-14.159390703627684
-14.091698257412885
-14.037470208147985
-13.98958556901623
-13.879752957238976
-13.772361252875525
-13.69594940226717
-13.61113760919958
-13.553964222983128
-13.479956230652592
-13.438969098291198
-13.327013611704214
-13.23016848148358
-13.182449998016525
-13.152588066488372
-12.992882675276993
-12.900392524685257
-12.825482116954781
-12.819963639181546
-12.734695360833506
-12.66849202386274
-12.63891947098342
-12.514752985478802
-12.47865149761225
-12.408250786635065
-12.329791666366466
-12.308407587790677
-12.210953280103046
-12.196790085207622
-12.079348603922877
-10.4922094148768
-9.131239164718956
-8.06943537438996
-7.118844007669154
-6.298255882152196
-5.672461052351559
-5.021295222110297
-4.556048106235365
-4.1084735665259995
-3.7710051715602684
-3.43226829063962
-3.110043765315603
-2.8664299395156303
-2.613822444891706
-2.4111559443521635
-2.2584531267025536
-2.082272368129561
-1.9295642929700687
-1.78240460965361
-1.687496635950939