41.001109355981775
40.945560732835894
40.949197145739944
40.938661002662364
40.924916838801785
40.89850183198083
40.88217618585488
40.85827377647492
40.839312467461674
40.78722700208155
40.75609438893831
40.72508761324454
40.691314427775005
40.643035389622895
40.6027019798209
40.57320576244285
40.52498951714771
40.48092282882797
40.42813409890259
40.39210588127532
40.310871717557184
40.25740037881491
40.21208908948775
40.12085206561749
40.0555326221663
39.991681349969035
39.94958962761231
39.86081931338718
39.79709427112477
39.722963598753964
39.63389100446393
39.56606728440404
39.50091926869065
39.41943253328673
39.341352859642896
39.264217831318916
39.17767233884727
39.100050765366255
39.01321558613137
38.91746528488222
38.83778680209784
38.754174578458986
38.66613213336534
38.55378861964896
38.46784425798963
38.37124027462829
38.28384740189709
38.16812079609215
38.07993146449883
37.98897382027605
37.87235782388898
37.78020637915333
37.67991872272415
37.58696882833602
37.4634145191719
37.37796444912704
37.27113012592311
37.15992145965705
37.05605542489857
36.95618099765049
36.851563238704394
36.738416702071426
36.62564366190888
36.52503343707032
36.409643665807266
36.31082305965303
36.20843547985585
36.080481310248494
35.97844790223154
35.86328120697467
35.742654169828576
35.631950195234296
35.54064904724408
35.40761983936027
35.29960581151062
35.18313868560885
35.06699375153487
34.96536991165182
34.84277393165436
34.73354466219401
34.625331518316464
34.496503671924415
34.392358603606375
34.276724621210164
34.15689294279725
34.040718532987064
33.919752698759595
33.809588365954646
33.70124511643994
33.57809530293241
33.4650539615591
33.35387803228441
33.23825863239924
33.126733765990835
33.01466537871011
32.89414493486697
32.78036226247884
32.67318496230254
32.54405871886428
32.45278748937019
32.341388961660684
32.239738308770235
32.12331155321026
32.002616828814794
31.886788312570427
31.76667444394984
31.663940631856065
31.544933816278654
31.45166407855533
31.344980438953588
31.227294729423175
31.1212030338241
31.0103365150424
30.922204524567444
30.78939938285256
30.68007298242486
30.578690597699016
30.470741436740262
30.362266651182555
30.258771140471772
30.159379194342446
30.051665528428146
29.94550836137375
29.839538758340172
29.734850193855475
29.632825147977663
29.521917820151803
29.422931633356676
29.32035098097589
29.224731443158134
29.105465778718354
29.001157506793312
28.904972021618743
28.812817915448086
28.70804395538249
28.596536886870755
28.515180166396732
28.405084341413186
28.297396940632208
28.195644992513035
28.096713151514923
28.003438247445715
27.91557197438132
27.816029022469593
27.72332281360613
27.603750803690996
27.51259129082002
27.413456956406193
27.31491526105193
27.226542727279096
27.134198762817224
27.034771772297344
26.937398065075474
26.834166215406558
26.755976011720865
26.663733499194006
26.559456364359047
26.469547247455004
26.377217414685976
26.29319263255992
26.19411149539809
26.107509119692168
26.006081871598706
25.924246133312906
25.832013544258455
25.736929593354542
25.650718068252544
25.55620386036979
25.485495254930424
25.393906333942283
25.309387145609136
25.213760385574528
25.121000705918345
25.03904813872567
24.956562343242524
24.86705037119131
24.779249781279496
24.696956283067177
24.610611715121383
24.53023959943997
24.442465036261396
24.356803678099862
24.287110184641293
24.198137778792066
24.10847327081758
24.02032615661712
23.944954603796184
23.85875564435089
23.788003099290663
23.699517077904673
23.6205390279485
23.54503402630986
23.468954584346132
23.384825492449142
23.312372782298432
23.221709184523245
23.15007508619797
23.07240975948619
22.991908884670362
22.91872087200263
22.843614821561534
22.77023580405953
22.69160453398624
22.615168007353912
22.542857447716525
22.46080680815402
22.384676161928564
22.312437720073465
22.231446831462986
22.1670485329319
22.08049148669891
22.007783141640857
21.944626941471963
21.876760735587574
21.797453400848585
21.728083996220093
21.655225657667476
21.588826486678602
21.511768327292646
21.448462311777586
21.373704066213318
21.309565465662672
21.235581424324206
21.17091185209295
21.099216043376376
21.02590884470143
20.960617321291192
20.893965258959657
20.825688759673717
20.764497272960856
20.693861355525133
20.625934936985047
20.56193043853743
20.493575039375315
20.424376426393213
20.35975272152973
20.297521372995927
20.234832131773427
20.1694363882713
20.095434189303774
20.041818685998948
19.980053792895852
19.91669446845066
19.853347921893167
19.78782225917176
19.72142280299105
19.658395643205232
19.592810786878793
19.54021354310521
19.47994907548078
19.416965125868355
19.34948335734945
19.29044398833557
19.23471218348814
19.175462174924302
19.115254363353134
19.051367601390645
18.992083944766776
18.93509711052201
18.882115640090216
18.822018990149363
18.757180212404247
18.704709040895064
18.635079022308734
18.581380460034158
18.522569849565063
18.46823166646032
18.411212782220357
18.351698730466193
18.301981493203975
18.237687204467615
18.180147056464737
18.12237621283623
18.072276209755067
18.01936054128938
17.963269175873812
17.91013830418919
17.850584535534303
17.792478678737034
17.736194791904776
17.685808665860932
17.630251303791965
17.58163427518248
17.531388565323343
17.47806164059941
17.428634828192983
17.373731921998914
17.320487316628356
17.27379888475782
17.2206890238438
17.158129243329892
17.11290381795698
17.060414782966834
17.008009376436675
16.966607476105903
16.917481500029023
16.864872295601714
16.81345194582862
16.760244880999494
16.71394510090796
16.65580495195146
16.611218658766862
16.570163954153564
16.520364624188076
16.46915795931487
16.424399473966822
16.37193587647433
16.32531268917341
16.273143865378717
16.23306968075381
16.186852260690042
16.13802159119774
16.087912458319494
16.04223789357658
15.99958357981453
15.951598419593818
15.906764804870308
15.860614793737634
15.81671574400297
15.774163136726969
15.727564164245045
15.67753951967582
15.634865813857083
15.587338019158127
15.54460888055436
15.49732018773677
15.455029481581857
15.411936448386372
15.36318198246764
15.3221639871918
15.279472109095344
15.237611796576036
15.195265139496161
15.15635442072009
15.108329656397673
15.06470542000145
15.025800134438684
14.982230167841433
14.939208676883647
14.902212648959264
14.86469502502175
14.817483959811044
14.771334874279209
14.7324192204
14.684258484480052
14.648579700018104
14.606751630872715
14.568794428842068
14.52658076866356
14.485345631774797
14.451018238064304
14.40505266346189
14.36544306936617
14.32813102575195
14.28666954814635
14.249507581292487
14.211548965285377
14.168626292212888
14.129915656626578
14.09068186367919
14.04962022628106
14.017368937461876
13.976076435119552
13.939494731615621
13.902668802994157
13.865792563552338
13.824744971939761
13.784741544560804
13.752839454247907
13.70979603120629
13.67739641437904
13.635068721503979
13.599504772385497
13.571039688024698
13.53396381274494
13.495112279514762
13.459261186505175
13.422518296395904
13.385590120245261
13.348817181101717
13.314648920083494
13.27944724503357
13.245872300836329
13.210780797097977
13.175668391840587
13.139425828991774
13.107487416953601
13.070161041306411
13.032201594098217
12.99828871369213
12.969649358064094
12.932462510498947
12.898461407398024
12.870202736947373
12.836374967685028
12.797154792810703
12.765268758528364
12.729995611292352
12.70366452187836
12.669239703037094
11.728958912299648
10.89530015889686
10.140173057466095
9.457431614278333
8.839681594856712
8.281826775971851
7.770479763573611
7.304255378190694
6.87901357347241
6.482222018777478
6.122055090259324
5.786784663133173
5.478227977969593
5.188430174174296
4.924312925982875
4.672875154069525
4.440398669032405
4.223625663612191
4.020154298655728
3.829765535110309