58.01340464224601
57.8679473723251
57.66974517463764
57.35338588970058
56.926487172802204
56.4793550480147
55.90706467766535
55.280929622734114
54.52852623078449
53.79080767698879
52.902868916218715
52.00578807930681
51.029384574989706
49.97871874107171
48.89458681469301
47.730760575424384
46.56211463809504
45.3426975129237
44.091350361443794
42.80351649349534
41.485076722699375
40.15919993662046
38.82002354597032
37.48513270008769
36.1080912786546
34.737652894607905
33.390953595385184
32.064006547686894
30.724529215217586
29.410658513813495
28.124057370538363
26.84515689615487
25.616125224718854
24.394665861503157
23.218887630842826
22.08086755110827
20.974981259401368
19.911060826551434
18.900171437400218
17.921521611541788
16.97819568603405
16.092007591654145
15.251137056033683
14.45244779100359
13.702717625841474
12.999667818694473
12.335748765082496
11.721624242016013
11.14479598662576
10.61364439361728
10.124019860939748
9.674754876899373
9.262331025296927
8.887453164870765
8.541662439758818
8.232341948503944
7.950071369599764
7.696795152370823
7.466511156667205
7.2645796549309365
7.082273565724971
6.92253428979717
6.767954991241249
6.637935511728338
6.521518241970621
6.412338423770561
6.310172974245903
6.221637123675876
6.137752070621049
6.05677507402551
5.979116865166844
5.903600945214473
5.829742469541174
5.7541814372242595
5.680625695654275
5.602548429895974
5.519123771931784
5.434952162657594
5.347185209364219
5.256075615421548
5.15788446472249
5.056813510374834
4.952245095596057
4.842774588258275
4.728509422876661
4.612494703566431
4.490489377530398
4.366603553394659
4.240161366103377
4.111634072816977
3.9815705022957637
3.8487060737382497
3.717198339477262
3.5855144778380663
3.4534730756136756
3.320920516778685
3.192642126096369
3.0659428659856736
2.94122657513658
2.819480023634741
2.6993902719885434
2.584737608335399
2.475586093655719
2.3689927126522363
2.269730650550389
2.173645238068758
2.082924437903156
1.9976347672017556
1.9192508051439225
1.8444511823979175
1.7772624585546908
1.7147681394077923
1.6574577141814635
1.6030446178046773
1.5576212555401376
1.5152272413268477
1.4791911439560048
1.4440949697914454
1.415033243966798
1.3887102706456618
1.3664829342401403
1.3492659195684724
1.333320497165166
1.3201761470858613
1.3044779257538484
1.2986113085694704
1.2904350774788258
1.2841506614723701
1.2789290318940383
1.271788262200937
1.2667293851463788
1.2610480161507458
1.2554458369356327
1.249023445426181
1.242414035440421
1.2365203815273957
1.228031821309409
1.2172978905157477
1.2059725655963012
1.1948470187339395
1.1814000943853602
1.166943295480989
1.149327476622258
1.1305262277790653
1.1122717877974635
1.092025761378762
1.069184847989952
1.0471214254860108
1.0215988502766953
0.9971445834220657
0.9708173203619919
0.9447888009010101
0.9168564817031312
0.889253158572909
0.8609784128591966
0.8333409199581568
0.8056950009381177
0.7777510296619772
0.7500363823427588
0.7243867382587248
0.6970140909588609
0.670326756585941
0.6459634883479779
0.6231837940730472
0.5971659737550316
0.5755097976478194
0.5543785151871962
0.5347147944236456
0.5157647845499091
0.49855160128762865
0.48219232725126354
0.46779625187954316
0.4534433442684685
0.44127111010741554
0.4301222421508765
0.41985226516738294
0.41134703648538534
0.4029422867842121
0.3959246485560213
0.39062092940797516
0.3854722769609662
0.3812733228919928
0.37762495231977056
0.3750633355914032
0.37339605240804963
0.37169534541773513
0.3694941364593299
0.36818217871166575
0.3674868274526885
0.3679518887113541
0.3665518181605173
0.3659231855929595
0.365996623088064
0.3645410435500493
0.36360430781170755
0.3631680741280103
0.36107786078989845
0.3592377629790816
0.35751163856330026
0.35399050643569957
0.3522802408993649
0.34889282476471384
0.3447918400459435
0.34022409466368725
0.3361172338829995
0.3317181401383735
0.3264406083541574
0.3210548457801936
0.3142225053172636
0.3087303048209996
0.30126788810146876
0.2947633463783142
0.28817218370099096
0.28031673662604617
0.27270742265902653
0.26545704099564577
0.25801195709515123
0.2495707236505383
0.24275168522767937
0.23506574612682096
0.22772964944523597
0.21971978943828321
0.2131817313199065
0.2057664982379702
0.19935357553392924
0.19307500415961887
0.18693903553803531
0.1804233422569167
0.17522257050852794
0.1700058644798164
0.16465950853450045
0.16045339344365278
0.1559944946548171
0.15177354948558935
0.14852243336806367
0.14522812278401936
0.14247762963267666
0.13973347352230903
0.13712551368828446
0.13516423596416813
0.1330497820483899
0.13179500083429863
0.13049160201876783
0.12904064775209198
0.1285200015282488
0.12723135687288012
0.12647274184607105
0.12673390631836878
0.12610730093039133
0.12534117549425447
0.12520807608773943
0.12472638004320842
0.12439157962051715
0.12420119464327857
0.12429392768741576
0.12335250507635856
0.12319827057754822
0.12224371396399196
0.12149670590360134
0.1208795152566474
0.12000651295937931
0.11924463287547385
0.11834913359822573
0.11687041486992625
0.11562768153461178
0.11407886608639775
0.11294695643583431
0.11133359625715292
0.10923744642278024
0.10749817651682816
0.10529869290153036
0.10332586614250101
0.10134588201749017
0.09916017902952713
0.09700319220045711
0.09463048217216215
0.09239252031357068
0.08998428485446357
0.08767306760427065
0.0853511433703262
0.08319037640397986
0.0806690685313458
0.07806099492042788
0.07605112794127128
0.07383586994805519
0.07184487165685965
0.06955265806339873
0.06769820634432094
0.0658697087194291
0.06384588211577599
0.06230693747036026
0.060585995241949124
0.059022024449192155
0.0574150214337929
0.05627196320277664
0.05487272308269088
0.053704426347676144
0.05273816643265535
0.051581693979788935
0.05083035897327464
0.049789965852089606
0.04933455983046662
0.04871163536874201
0.04818262139118029
0.0476902347529909
0.04721260775008087
0.04698812577138547
0.04653129225740376
0.04619300112909411
0.045757209427262815
0.04560921274294835
0.045449105223405006
0.0451050977270892
0.044917832279554745
0.04455210072955711
0.04463133376874537
0.04375568021559462
0.04403545348540668
0.0434177665468404
0.043187786377047524
0.04295649322012922
0.042433591415469624
0.04194978029448735
0.04175938324152412
0.0417234246487159
0.04122461562251246
0.040422718975548576
0.03996603521553061
0.03939848076282328
0.038951592769003854
0.038283333204145675
0.037686605161563934
0.036882761632982465
0.036149563287946024
0.03553980989989039
0.03459272039577133
0.03401273649885556
0.03346670155266579
0.03223646076420605
0.0318380168425096
0.030859913815991787
0.029967882089701418
0.029108059078691323
0.028561587024423407
0.02760711225487375
0.026828258880077213
0.02624925382960114
0.025385141934613192
0.024734246692157902
0.02402613962396196
0.023261925012115076
0.022567015602989276
0.02213699743194913
0.021800502071850712
0.021166907524516474
0.020719012186591373
0.02019991360979607
0.019747748224998227
0.019421660773565882
0.018743173903820697
0.01866868744097793
0.018215436967357827
0.017920145237483885
0.01748820852641359
0.01721187047731812
0.01720608234317598
0.01692768161791927
0.016625130247957247
0.016467051466325745
0.016043301322011577
0.01602650550291683
0.01593678568214999
0.015746231567700854
0.01546826156961265
0.015271014294887664
0.015428840892247131
0.015334836162262964
0.015261596792981601
0.014880575472133034
0.014853371465495074
0.01470809308816693
0.014476640832829757
0.01438943651742606
0.014101834357012583
0.013994421930533343
0.01393523831816433
0.013627317262133613
0.013555791350814425
0.013237963963913997
0.013091011110544047
0.012784518770256987
0.012665480646804781
0.01224719502512602
0.012115088294860134
0.01178377325673804
0.011622659407415819
0.011413037659577768
0.010997809996283067
0.010645989122093406
0.010518328727443661
0.004422618848568971
0.0018825471827668707
-0.0006056638949757966
-0.001630422969021963
-0.0025679033817315655
-0.002977985064762774
-0.003222911365841376
-0.00333148650486592
-0.003335769741874086
-0.0032977441216760625
-0.0031913338753336885
-0.0030750058138697216
-0.002922393099931351
-0.002813315840484188
-0.0026319064063128677
-0.002510932127225024
-0.002367791343731604
-0.0022316722616248655
-0.0021297199420513206
-0.0020227025697114433
-0.0011329965666026433
-0.0010693875849705325
-0.0005924300560669836
-0.0001500290725679639
-0.00004265782931767551
-9.638449152148406*^-6
-6.872088442488197*^-7
0.
0.
0.