91.15969601379507
90.746171015224
90.0072193756079
89.08724749752675
87.85645433018784
86.35211965428054
84.63666047585336
82.76394419165611
80.60392948142315
78.23465871333507
75.76303349158002
73.08904507331486
70.35127221107807
67.42011043566278
64.4523041416696
61.43560053775565
58.32812505555788
55.19828654787249
52.10245860451088
48.996029743971796
45.92560905651305
42.92677257800967
39.986950063498156
37.14455425633491
34.4002342032707
31.75051385589063
29.220431832568277
26.825364214100606
24.575537382260876
22.47129387275958
20.509259047054318
18.686674977677374
17.020869747372082
15.502067969490902
14.13302752243829
12.895476590100994
11.800793568845398
10.836584173374634
9.999888949453727
9.28084323014786
8.668557375880363
8.157229200279804
7.7349690403840645
7.404041611724257
7.139418164641381
6.947451643533376
6.810032901893744
6.718682230610013
6.667560725794414
6.647997200967256
6.647893141392783
6.669617625165424
6.692154905375174
6.725548099936618
6.75980597666335
6.783733170765132
6.797812912467967
6.8020018852817845
6.789360460152973
6.759468840625778
6.7138119377600205
6.651027569142702
6.559265578181403
6.453472055897861
6.329591711136528
6.185118708897443
6.022718582063944
5.850032659998968
5.66085322057292
5.459971175719796
5.242269791547532
5.027883322997905
4.797883282656142
4.566221748237699
4.334798460339571
4.103561514463161
3.869934129411032
3.6387223397677753
3.4163710737849358
3.196894085915318
2.9808543870795248
2.778717930617236
2.5837064293296232
2.396668019233587
2.2222446709640225
2.057968204526101
1.906018832406521
1.764903226901308
1.632929448111305
1.515197010713749
1.4075852092281251
1.3124385917421906
1.2269676088057129
1.1526105269541322
1.0883087750954168
1.0333785237746687
0.9875214028461808
0.9506583614598594
0.920355308973302
0.8974231217562277
0.8813944447239128
0.8707678371149723
0.8646769923085639
0.8632266453472386
0.8655438879707206
0.8701187833612805
0.8778147696845283
0.8867642584878738
0.8966930866116815
0.9080018744111241
0.917874581734586
0.9280149938544653
0.9371641852272001
0.9450122759666588
0.950553785929973
0.9556084860574041
0.9582753925482198
0.9576058617514814
0.9546925992306985
0.9516359097645921
0.943115938604881
0.9333205681277195
0.9213877356238093
0.9058491568349065
0.8888474156561604
0.8699739535411207
0.8492669501820558
0.8270537928060383
0.8019929249532523
0.776301296982691
0.750197504856327
0.7219840461292444
0.6933447848574982
0.6647210795192184
0.6368010815553686
0.6074380870364642
0.5787003128365362
0.5505275299420774
0.5227664026241656
0.49608134981685337
0.47040151695132
0.44550962589184073
0.42166525583447606
0.3989169424371239
0.377814108095382
0.35816742211817315
0.33968363440189636
0.32261020694608694
0.3068958209966561
0.2927523884112964
0.27995908637175404
0.2684080008732132
0.25850327621351826
0.24971739587855876
0.24210161867784616
0.23573032066173225
0.23047504811216307
0.22618523676671473
0.22299285931842755
0.2205014290773033
0.2185793565642245
0.21739564784105225
0.2169773599700441
0.21704969299853724
0.21741802619359732
0.21813631117778098
0.21920940843613435
0.22015961488058797
0.22136733986849422
0.2223112685602231
0.22334003674063932
0.22422052139305776
0.22480964276879176
0.22513492057465478
0.22539431631418347
0.22528658226213547
0.22465896903733582
0.223848073809704
0.22256374414307484
0.22100570600420136
0.2189151162859397
0.21649470653649625
0.21363267432927113
0.2102482745950526
0.20667370365194707
0.2029055560676503
0.19867655978876111
0.19432395307745814
0.18952903421086886
0.18485599629737282
0.17985189284192957
0.1747502249849798
0.16940601409024064
0.16425506323525182
0.15891539267677118
0.1535822340981976
0.1481302803934194
0.1428862773644183
0.13786649823676506
0.13276224806391682
0.1279729073155567
0.12335160753397911
0.11886586516402427
0.11455214410533618
0.1106913831382777
0.1067395845035599
0.10315756021201136
0.09969894076023603
0.09669993288945997
0.09380045544947328
0.09108457138023762
0.08872974205710349
0.08656793229630595
0.08476092823284073
0.08291825078070333
0.08161634125196875
0.08012044563101252
0.07907343292973855
0.07808493043933132
0.07727866754667011
0.07653550006728795
0.07600204009803749
0.07521808725054765
0.07506367208053974
0.07488313788768561
0.07450711711872905
0.0742515811235814
0.07419331237955357
0.07401524031954058
0.07392764569727134
0.07377268211741664
0.0733290390399898
0.0733284297205259
0.07305654426026259
0.07271871129004258
0.0723587643454938
0.07200412910849266
0.07150525215189446
0.0709872014850449
0.07031281523807999
0.06972634192987166
0.06898260935505657
0.06819467769606752
0.0673495883268323
0.0665041979895247
0.06560359721438973
0.06429852596731586
0.06308950278664274
0.061990594641804696
0.060945704898802265
0.05984425226464733
0.05852114278071814
0.057315411694015925
0.05608182443929092
0.054741670929414815
0.05338900988624162
0.0522948197672807
0.05090521498016737
0.04970390157415203
0.04846598847315437
0.047378941459907856
0.046189501447868944
0.045060389837823685
0.043971391938617356
0.04294597612319029
0.04196039958763407
0.040974302953771934
0.04009862369274626
0.03925096698951182
0.03843345204947903
0.03772394294032959
0.03703913495022964
0.03642184264054349
0.035730372335243545
0.03515083141641124
0.03463208688958207
0.03417485966672374
0.03377160714293901
0.03322171620276402
0.032919126579862866
0.03257596544698987
0.0321873472183932
0.03193035320010495
0.031670274884551715
0.031466142351001224
0.031214119922400082
0.031046549221528965
0.03083457119603277
0.030610976096366458
0.030502861814013127
0.030171457654340254
0.03001252321533309
0.029883612314005978
0.02969935492638539
0.029444826459110233
0.02922188348000362
0.02900411631836766
0.02873747818162878
0.028537334801198647
0.028197618219642052
0.02799354432957103
0.027737695283546627
0.02743189791898931
0.02709606967737289
0.02686985803963686
0.026369852198922315
0.026157645879684402
0.0257829652152069
0.025476277003720117
0.02515275426645031
0.024815189468397413
0.02446007331747982
0.024025881228836785
0.023674531236882627
0.023272795852582632
0.02296143237214396
0.02257447953498646
0.022122518151413903
0.021771511863026376
0.021371343229554897
0.021072807287870882
0.020749174698103775
0.02030279108416708
0.020009540294066094
0.019641934846432754
0.019316762496281666
0.01908399873200012
0.01872041687320848
0.01845000850681981
0.018202625607981734
0.017911735365786323
0.017623825909628417
0.017420959357289743
0.01715369961345597
0.016951135250261415
0.01670155855327989
0.016535143369204548
0.016348227233365775
0.016120586842201932
0.01594044109489919
0.015808445559851725
0.015604760612667561
0.015426597423761255
0.015335367657006022
0.01518307814024801
0.015055808348126832
0.014936760892515253
0.014783180972650349
0.014684610889418992
0.014552410498058615
0.014408617635066468
0.01432932457753336
0.014169363556136082
0.01404102083546827
0.013939920796450308
0.013890147744517795
0.013737668824599125
0.01361568836367071
0.013481901541311575
0.013391775564673998
0.013277818877598123
0.013143114203651057
0.01300197937218662
0.012925363230804579
0.012783400161532685
0.012638320442364986
0.012469459832194054
0.012411231179214097
0.012225315628951655
0.012105186778990015
0.011967249607798566
0.011842296584844772
0.011693069664401014
0.01156148426941841
0.011383954531023487
0.011264614054052212
0.01114509918377694
0.011012292471311743
0.010882086371201211
0.010705206946236221
0.010610734521996209
0.010468173655500238
0.010365722336721497
0.010199373135546955
0.010087415525026013
0.009969779599453598
0.009837718245912994
0.009712111273263624
0.009604229252955728
0.009490737459086457
0.009332292452047754
0.009268697614441416
0.009151367026427656
0.009049398395001405
0.008965623700476752
0.008823508168862067
0.008751979768799273
0.00867966580223149
0.008577184872022841
0.008470705378546054
0.006495299786664768
0.00485002947531183
0.0037655267577937036
0.002917797911149604
0.0023335884998626033
0.0018618912751104237
0.001515093747189698
0.0012388267196798027
0.0010243335476660075
0.0008505503966302172
0.0007077128294910772
0.0005960926550731944
0.0005063153926400474
0.0004321580271844146
0.00036870549881467065
0.0003189833438631005
0.0002761247027418338
0.00024055636870182147
0.00021022594490312726
0.00018390404000826578