0.001000 5039.140815
0.002000 9238.590270
0.003000 12878.168365
0.004000 16008.955753
0.005000 18683.081572
0.006000 20951.005828
0.007000 22856.946465
0.008000 24442.298728
0.009000 25739.059127
0.010000 26778.010807
0.011000 27586.299025
0.012000 28187.662097
0.013000 28603.483696
0.014000 28852.291782
0.015000 28952.906137
0.016000 28922.775050
0.017000 28776.437119
0.018000 28528.010935
0.019000 28191.154055
0.020000 27779.137246
0.021000 27301.420997
0.022000 26770.889887
0.023000 26196.890301
0.024000 25588.481263
0.025000 24953.672294
0.026000 24299.628062
0.027000 23635.165166
0.028000 22964.694373
0.029000 22294.719873
0.030000 21629.941077
0.031000 20974.162750
0.032000 20330.376895
0.033000 19690.582768
0.034000 19068.255394
0.035000 18467.577629
0.036000 17889.716567
0.037000 17336.831785
0.038000 16808.484869
0.039000 16306.118259
0.040000 15830.092769
0.041000 15378.525628
0.042000 14952.674083
0.043000 14551.477586
0.044000 14172.670810
0.045000 13817.037260
0.046000 13480.790450
0.047000 13166.786344
0.048000 12871.205550
0.049000 12593.566440
0.050000 12332.975045
0.051000 12089.236118
0.052000 11859.716715
0.053000 11643.976152
0.054000 11441.402564
0.055000 11251.618185
0.056000 11070.887848
0.057000 10899.693736
0.058000 10736.130215
0.059000 10578.241780
0.060000 10425.390155
0.061000 10277.124850
0.062000 10129.780309
0.063000 9984.039539
0.064000 9840.091064
0.065000 9697.891149
0.066000 9552.363766
0.067000 9408.061799
0.068000 9262.952725
0.069000 9116.398297
0.070000 8968.840364
0.071000 8821.120274
0.072000 8673.579265
0.073000 8524.807055
0.074000 8375.700387
0.075000 8224.011583
0.076000 8071.312012
0.077000 7918.115879
0.078000 7762.916413
0.079000 7606.754563
0.080000 7451.252783
0.081000 7296.506663
0.082000 7140.886987
0.083000 6987.397221
0.084000 6836.892897
0.085000 6687.905385
0.086000 6543.506510
0.087000 6400.281455
0.088000 6261.942298
0.089000 6127.721483
0.090000 5997.713286
0.091000 5871.766833
0.092000 5751.284487
0.093000 5634.096575
0.094000 5521.801576
0.095000 5414.468957
0.096000 5311.462329
0.097000 5212.681009
0.098000 5118.843178
0.099000 5027.867965
0.100000 4943.156181
0.101000 4861.947425
0.102000 4784.599905
0.103000 4711.710173
0.104000 4642.626263
0.105000 4577.251472
0.106000 4516.130303
0.107000 4457.978607
0.108000 4404.047876
0.109000 4352.771571
0.110000 4303.911021
0.111000 4258.296649
0.112000 4215.248220
0.113000 4173.728649
0.114000 4134.557952
0.115000 4096.916715
0.116000 4058.862755
0.117000 4022.525410
0.118000 3987.391505
0.119000 3952.301052
0.120000 3917.796416
0.121000 3882.311332
0.122000 3847.643388
0.123000 3812.365902
0.124000 3777.115793
0.125000 3741.052121
0.126000 3703.218317
0.127000 3666.393862
0.128000 3629.068465
0.129000 3590.737177
0.130000 3551.253673
0.131000 3511.560973
0.132000 3471.701820
0.133000 3430.200758
0.134000 3388.301997
0.135000 3346.719316
0.136000 3303.384133
0.137000 3260.234290
0.138000 3216.721466
0.139000 3172.868552
0.140000 3129.088441
0.141000 3084.752222
0.142000 3041.086016
0.143000 2997.179330
0.144000 2953.561832
0.145000 2910.578776
0.146000 2868.314838
0.147000 2826.305522
0.148000 2785.553710
0.149000 2745.561501
0.150000 2706.163348
0.151000 2667.604917
0.152000 2631.272366
0.153000 2595.892876
0.154000 2561.195712
0.155000 2527.931733
0.156000 2495.034908
0.157000 2464.959363
0.158000 2435.038250
0.159000 2407.489662
0.160000 2380.245283
0.161000 2354.608235
0.162000 2330.182653
0.163000 2306.946828
0.164000 2284.279204
0.165000 2263.827630
0.166000 2243.304366
0.167000 2223.615599
0.168000 2205.783812
0.169000 2188.112842
0.170000 2171.494006
0.171000 2155.494984
0.172000 2139.816357
0.173000 2125.113007
0.174000 2110.605024
0.175000 2096.112393
0.176000 2083.058417
0.177000 2069.443729
0.178000 2056.420629
0.179000 2043.213902
0.180000 2031.103426
0.181000 2017.674073
0.182000 2004.451695
0.183000 1991.690865
0.184000 1978.639942
0.185000 1965.300648
0.186000 1952.055549
0.187000 1937.498109
0.188000 1923.733357
0.189000 1909.433310
0.190000 1894.767010
0.191000 1880.296301
0.192000 1865.402511
0.193000 1849.423794
0.194000 1833.416562
0.195000 1818.110540
0.196000 1801.333860
0.197000 1785.799384
0.198000 1769.215801
0.199000 1752.780031
0.200000 1735.900948
0.201000 1719.460447
0.202000 1702.594217
0.203000 1686.180730
0.204000 1669.248277
0.205000 1653.130114
0.206000 1636.486712
0.207000 1620.441439
0.208000 1603.804860
0.209000 1588.420416
0.210000 1572.247631
0.211000 1557.069722
0.212000 1542.070424
0.213000 1527.182667
0.214000 1512.780240
0.215000 1499.174177
0.216000 1485.560974
0.217000 1472.292275
0.218000 1458.911996
0.219000 1446.981667
0.220000 1435.117566
0.221000 1423.105252
0.222000 1411.551251
0.223000 1402.069621
0.224000 1391.124851
0.225000 1381.650224
0.226000 1372.037266
0.227000 1362.196315
0.228000 1353.871756
0.229000 1345.535679
0.230000 1336.875313
0.231000 1328.953960
0.232000 1320.561822
0.233000 1312.923716
0.234000 1306.401389
0.235000 1298.326486
0.236000 1291.249799
0.237000 1284.473417
0.238000 1277.854282
0.239000 1270.540527
0.240000 1264.278038
0.241000 1257.399278
0.242000 1251.815009
0.243000 1244.252390
0.244000 1237.844588
0.245000 1230.889368
0.246000 1224.184978
0.247000 1217.550786
0.248000 1210.636838
0.249000 1204.251907
0.250000 1196.412505
0.251000 1189.983359
0.252000 1182.774349
0.253000 1175.794939
0.254000 1169.036954
0.255000 1161.435829
0.256000 1153.731656
0.257000 1146.220715
0.258000 1138.599386
0.259000 1131.035651
0.260000 1123.491987
0.261000 1115.850456
0.262000 1107.884747
0.263000 1100.231313
0.264000 1092.433093
0.265000 1085.179564
0.266000 1077.260756
0.267000 1069.992264
0.268000 1062.073160
0.269000 1054.622939
0.270000 1047.353592
0.271000 1039.860644
0.272000 1032.751690
0.273000 1025.601107
0.274000 1018.483884
0.275000 1011.140133
0.276000 1004.504613
0.277000 997.879591
0.278000 991.517180
0.279000 985.001598
0.280000 978.890169
0.281000 972.421831
0.282000 966.210428
0.283000 961.164314
0.284000 955.122072
0.285000 949.577915
0.286000 943.727082
0.287000 938.951738
0.288000 933.482501
0.289000 928.820862
0.290000 923.597970
0.291000 918.794082
0.292000 914.006618
0.293000 909.804063
0.294000 905.396483
0.295000 900.756033
0.296000 896.292142
0.297000 892.251667
0.298000 888.320903
0.299000 884.293435
0.300000 879.799331
0.301000 875.409360
0.302000 871.689083
0.303000 867.877418
0.304000 864.037318
0.305000 859.652397
0.306000 855.828449
0.307000 851.923694
0.308000 848.058753
0.309000 843.798361
0.310000 839.958680
0.311000 835.751850
0.312000 831.753908
0.313000 827.719119
0.314000 823.885100
0.315000 819.954196
0.316000 815.833949
0.317000 811.776213
0.318000 807.635349
0.319000 803.833680
0.320000 799.458063
0.321000 795.346104
0.322000 790.998280
0.323000 787.054198
0.324000 782.850163
0.325000 778.744651
0.326000 774.730207
0.327000 770.674748
0.328000 766.713436
0.329000 762.309529
0.330000 758.500959
0.331000 754.161219
0.332000 750.655113
0.333000 746.465112
0.334000 742.329812
0.335000 738.711080
0.336000 734.833160
0.337000 730.953077
0.338000 727.286363
0.339000 723.811446
0.340000 719.947943
0.341000 716.276508
0.342000 713.143321
0.343000 709.266524
0.344000 705.800665
0.345000 702.330622
0.346000 699.401101
0.347000 695.235174
0.348000 692.156149
0.349000 688.839910
0.350000 686.679779
0.351000 683.138367
0.352000 681.136780
0.353000 677.169583
0.354000 674.367181
0.355000 671.437349
0.356000 669.743487
0.357000 665.651563
0.358000 662.872027
0.359000 661.355828
0.360000 658.217480
0.361000 654.760195
0.362000 652.372129
0.363000 649.537537
0.364000 646.758921
0.365000 643.999948
0.366000 641.508175
0.367000 639.380737
0.368000 636.137209
0.369000 634.291226
0.370000 631.176598
0.371000 628.922578
0.372000 626.180680
0.373000 623.410293
0.374000 620.539613
0.375000 618.315729
0.376000 616.075451
0.377000 613.591958
0.378000 611.109168
0.379000 608.370402
0.380000 605.788725
0.381000 602.932618
0.382000 600.831945
0.383000 598.477242
0.384000 595.671238
0.385000 592.703727
0.386000 591.117066
0.387000 588.913702
0.388000 586.363229
0.389000 583.261114
0.390000 580.952201
0.391000 578.510670
0.392000 575.620097
0.393000 573.700643
0.394000 571.062536
0.395000 568.728584
0.396000 566.495431
0.397000 563.738925
0.398000 561.762643
0.399000 558.958725
0.400000 557.221934
0.430000 497.896127
0.460000 447.506146
0.490000 404.896320
0.520000 368.946008
0.550000 338.136807
0.580000 310.640326
0.610000 287.661416
0.640000 266.498666
0.670000 248.128749
0.700000 231.218494
0.730000 216.439107
0.760000 203.478159
0.790000 191.185401
0.820000 180.475194
0.850000 170.410523
0.880000 160.959222
0.910000 152.725029
0.940000 145.070955
0.970000 138.079177
1.000000 131.230849
