4849.284612431811
9050.268072237364
12692.180936092658
15825.914144625138
18503.55193286528
20775.163243776056
22684.73616644919
24273.34319904188
25573.01646761934
26613.932469492163
27423.512507667776
28025.13397114073
28439.931998068725
28686.952469808344
28785.226925404724
28751.63228241052
28601.08176485844
28348.51496912504
28007.287635317007
27591.33039206624
27110.678214674957
26577.63468677848
26003.064912943926
25395.65862294629
24763.929457494447
24116.24160880802
23460.282202439
22801.83559720389
22146.889414128058
21500.479250050736
20867.11577066557
20249.345518349644
19639.028313630555
19049.69709914478
18485.564328514778
17947.54896691563
17437.66316286222
16955.724001145736
16502.38022605166
16077.56924859223
15679.455522367101
15308.050355757503
14961.61346901142
14639.944417305009
14340.274453492848
14061.743223686124
13803.48502657579
13562.713486426343
13338.81209777443
13129.967533195824
12935.318886288354
12752.505396086573
12581.209623055027
12419.283262808645
12265.98718214961
12119.79458785055
11978.128324996527
11840.022824606624
11704.05300473688
11568.90641834667
11432.897813931057
11294.864985567625
11154.170344813385
11010.314173308076
10862.579345936747
10710.660295237214
10554.80655316455
10395.058480010533
10231.126120568408
10062.724118553611
9891.6598587046
9718.997558544152
9543.322905419833
9364.653373626017
9183.203926255199
8999.453657519978
8813.863171387471
8627.000269662674
8439.536305714959
8252.233400664034
8065.874857984639
7881.331928932033
7699.393480880035
7520.839706987743
7346.456154440885
7176.90075244431
7012.672854731624
6854.188248520882
6701.9154527767005
6555.967872560863
6416.527694673403
6283.753717840984
6157.72419269109
6038.358402271728
5925.560312047524
5819.198918114122
5719.106729760132
5625.102828426075
5536.998113592912
5454.609152945348
5377.726476104342
5306.229950255378
5239.699738522751
5177.594760569183
5119.722677246249
5066.043281624267
5016.184750155885
4969.648606752292
4926.042686384164
4885.048996226728
4846.288105865072
4809.218516469608
4773.3281287674745
4738.265501638057
4703.562040696879
4668.962596059941
4634.194192589446
4598.95105605985
4562.877610230483
4525.60498402844
4487.144880009119
4447.365497013347
4406.174896352045
4363.432189032006
4319.049520643848
4273.145813236696
4225.771500755553
4176.937608654155
4126.634987118786
4074.8776545357123
4021.8173414021253
3967.4921602359022
3912.0866755449124
3855.8031058362058
3798.8387023999753
3741.3171741235196
3683.3581601503965
3625.110828258207
3566.8443482194025
3508.8144703116222
3451.1972294646216
3394.1302440314994
3337.7477915280315
3282.259278165377
3227.870787550916
3174.8578585779533
3123.286651640657
3073.274925823652
3025.0157630012122
2978.524163428005
2933.873708555457
2891.2399248275324
2850.529924749786
2811.7430225333965
2774.9097510855363
2739.9855042252198
2706.947937285962
2675.8569878002554
2646.581189447305
2619.0189255061964
2593.109335562868
2568.747053669713
2545.8154537517717
2524.210763961654
2503.8290776797153
2484.566136986931
2466.3235453661996
2449.036381427572
2432.522947808214
2416.6486192515654
2401.2222291849685
2386.1727594241825
2371.430751210061
2356.9034175607085
2342.498033285486
2328.1246937448163
2313.6921614052767
2299.0624573516707
2284.2000130973274
2269.0572448542994
2253.5637510377196
2237.636445480374
2221.269383049148
2204.42212424772
2186.9990400392276
2168.991671635559
2150.4525764842842
2131.3872283203714
2111.733694568697
2091.5783678591056
2070.9785866229895
2049.975537630548
2028.5779669117492
2006.8767399678175
1984.928896901744
1962.7910192129393
1940.5180802856703
1918.171070484819
1895.8083097992326
1873.4919893501867
1851.2921604690064
1829.2422277903822
1807.3924365523662
1785.7936359891762
1764.4988189889282
1743.5531372797782
1723.005276221869
1702.9064230410474
1683.378889761503
1664.366414983819
1645.8887694562898
1627.9657239272115
1610.6367800364221
1593.899841954589
1577.76191195507
1562.2344653347566
1547.3758663080635
1533.1762290046245
1519.5788863302375
1506.567091965352
1494.135306559356
1482.3053940317945
1470.9877605700458
1460.1453986067263
1449.7413005744522
1439.7352525049844
1430.0929866828253
1420.7802725695738
1411.7614833627938
1402.9991524492361
1394.4498760050078
1386.0915498327936
1377.8920344273452
1369.819190283414
1361.8335310714572
1353.9051225644778
1346.0128256967582
1338.1284686110107
1330.2238794499467
1322.2305338010635
1314.1587177928272
1306.0066111372942
1297.7600977242366
1289.4050614434261
1280.8886412851025
1272.2426486762974
1263.4662664747552
1254.5561206711395
1245.508252546107
1236.2641773920816
1226.8900334081268
1217.3965934792625
1207.7946304905079
1198.094917326882
1188.2837951230401
1178.4016301773893
1168.4657084939463
1158.492800277262
1148.499675731887
1138.4975616644695
1128.50898374854
1118.5532029574535
1108.6484800324602
1098.81307571481
1089.079667601924
1079.4584015983312
1069.9531563607234
1060.577067853326
1051.3432720403648
1042.273049074439
1033.391525117603
1024.6840206527322
1016.157443729068
1007.8187023958515
999.6747047023237
991.7646101810748
984.0640612806961
976.5648198259164
969.26585348739
962.1661299357712
955.2738209292407
948.6028888459786
942.1198501058778
935.8169265029914
929.6863398313722
923.7203118850732
917.923628309913
912.282520629829
906.776528410448
901.3939408406026
896.1230471091243
890.9521364048459
885.8658105409885
880.8557915984935
875.9120590122897
871.0237146670172
866.1798604473166
861.3695982378284
856.5558764344793
851.7553041371644
846.9649472710732
842.1789083114135
837.3912897333926
832.5961940122182
827.7660895468886
822.9171246707457
818.0504681538816
813.1642866436829
808.2567467875359
803.3260152328276
798.3529607257693
793.3494824377254
788.323566940855
783.2770672563611
778.2118364054467
773.1297274093147
768.0199973082114
762.8846880975506
757.7438226885411
752.603284090679
747.468955313461
742.3467193663836
737.2432992125237
732.1731202173726
727.1311231943743
722.121681585467
717.1491688325888
712.2179583776777
707.332423662672
702.5021674461664
697.7299367441727
693.014507546745
688.3589323943952
683.766263827635
679.2395543869764
674.781856612931
670.4167250901114
666.1263993460907
661.9085465332801
657.7631456183036
653.6901755677853
649.6896153483493
645.7636158685522
641.9270541368767
638.1601621708764
634.46040141497
630.8252333135753
627.2521193111105
623.7385208519938
620.2836314790173
616.8907884257471
613.5485095145929
610.2530776007201
607.0007755392937
603.7878861854792
600.6106923944418
597.4643694593258
594.3375859200124
591.2366123660215
588.1589183935022
585.1019735986034
582.0632475774744
579.0402099262644
576.0303302411224
573.0205620259838
570.018973315542
567.0254123936254
564.0386743684169
561.0575543480998
558.080847440857
555.1073487548716
552.1264887241946
549.1397060531826
546.1553105987841
543.173955786792
540.1962950429993
537.2229817931989
534.2546694631835
531.2917257773843
528.3297596955625
525.3753495299989
522.4297454146069
519.494197483301
516.569955869995
513.6582707086029
510.7603921330386
507.8771266641181
505.0095173386516
502.15961810809677
499.3287933655778
496.518407504219
493.7298249171448
490.96440999747944
488.2235271383472
485.5144378718836
482.83636159824573
480.18540845206206
477.56195891000357
474.9663934487415
472.3990925449469
407.0663669699373
352.3858505464799
308.04301006611695
270.9594900317053
239.87208029759643
213.58923336593222
191.12922021867973
171.87424135147268
155.20484401197325
140.7252336278931
128.06569655849663
116.93918206558963
107.11235443061994
98.40746755943621
90.65171118435853
83.72764955699155
77.51643088488458
71.93244532211939
66.89156499398715
62.32926444158618
28.219998634029263
15.408469696068403
0
0
0
0
0
0
0
0