-0.030434120405217674
-0.2536848481033011
-0.5994002344705462
-0.9082929622833985
-1.0130534151795485
-0.7560891866811031
-0.0651785249821527
0.986595467800777
2.379173206795394
3.829267652207712
5.076891249850968
5.885404635196334
5.917826889594163
4.79673521433667
2.38376656676895
-1.4811403240108816
-6.890505768719879
-13.78903591162407
-22.07775167581736
-31.692518232898042
-42.29131922199974
-53.40692584930956
-64.95729925915775
-76.59134993616068
-87.77235889362339
-98.21648079314171
-107.72438307337872
-115.85438982174686
-122.70094303896236
-127.88507575916735
-131.34509670651988
-133.24773212959485
-133.1727737302325
-131.84658630621936
-129.10330140763978
-125.1309812294901
-120.37298819355708
-114.86434945100702
-108.92298573575545
-103.00203507256602
-97.0202229496938
-91.62593926036438
-86.59048247672791
-82.24687921386511
-78.69909705385915
-75.99108191546578
-74.10097561493632
-73.05332026944862
-72.77802750854457
-73.22476246642871
-74.0754791144364
-75.46338194826512
-77.07486034824726
-78.81466488192277
-80.49577128068036
-82.14020148159968
-83.48332025129359
-84.36488603421031
-85.05740427600131
-85.14665395236915
-84.74924183590612
-83.83997958155382
-82.44326243083825
-80.76762419911158
-78.60842872864472
-76.21071036011567
-73.55405197925438
-70.72937851159658
-67.97794947480686
-65.18452074998086
-62.54354697344078
-60.065760770525934
-57.81158302387045
-55.85531712484853
-54.162156561827466
-52.87400889268402
-51.740959811287084
-51.01009333397662
-50.52772392085887
-50.250766730288966
-50.19012380239283
-50.242444535170904
-50.36231280776362
-50.62795223117274
-50.8109226208889
-50.95694135457553
-51.02505097493665
-51.05178854740507
-50.85249021333733
-50.54763218026006
-50.04817040208505
-49.44203252735967
-48.68128906329332
-47.8293273174525
-46.78715000124094
-45.644042553053666
-44.50640914618401
-43.293654572914356
-42.074245897404445
-40.905362070083285
-39.7844385587495
-38.70434007750495
-37.699554129423476
-36.78877391836952
-35.995885919870474
-35.34528410085016
-34.76798188695845
-34.24165956279829
-33.83934963136664
-33.54961859284134
-33.33794901301681
-33.075555065237985
-32.943237384539415
-32.864935928922755
-32.63985383438403
-32.51967798232374
-32.41438331583922
-32.216875863025784
-31.97128575402879
-31.73498755027313
-31.407159561055696
-31.033490283386435
-30.642481128565944
-30.175722791951152
-29.675519660791583
-29.1981975408158
-28.66278736396624
-28.097785464847018
-27.594602606809126
-27.053998469030557
-26.532200270623814
-26.040139058477333
-25.540278589654072
-25.08425881356713
-24.697580560535076
-24.32035630917882
-23.96183872674517
-23.6804763214504
-23.380441672086324
-23.11937085846364
-22.90805244307813
-22.653099692337065
-22.49970910800645
-22.310995357768206
-22.14301546301778
-22.000600206244947
-21.815829916475078
-21.660136897190363
-21.4613086376798
-21.227286508624676
-21.08830613555479
-20.82330171347359
-20.612330993223416
-20.345882196233326
-20.1172397961113
-19.86998148015137
-19.59355164510948
-19.30440794471458
-19.033935102776915
-18.736447916872883
-18.48540859881207
-18.230231534761742
-17.981833326670763
-17.720796795837245
-17.51235962167885
-17.293006039328823
-17.061798514861007
-16.851739641317998
-16.678075085610352
-16.46480373962022
-16.324516161777105
-16.155073462380813
-16.02302941170538
-15.929551868604985
-15.78231508148007
-15.605390760395565
-15.461556857559444
-15.317499068945837
-15.194456323500447
-14.93640910238044
-14.910067257434735
-14.756169184384882
-14.639835265422102
-14.429350501707644
-14.272728022368746
-14.159390703627684
-14.037470208147985
-13.879752957238976
-13.69594940226717
-13.553964222983128
-13.438969098291198
-13.23016848148358
-13.152588066488372
-12.900392524685257
-12.819963639181546
-12.66849202386274
-12.514752985478802
-12.408250786635065
-12.308407587790677
-12.196790085207622
-12.065249450061234
-11.92165557931479
-11.85940664646748
-11.707337508691367
-11.572346531983785
-11.53708422516733
-11.364731448912556
-11.294387867898921
-11.173821372404793
-11.094208215603338
-11.025219980716667
-10.867878141578089
-10.803950361642263
-10.74633149868756
-10.643793593580417
-10.48338974108257
-10.380472740972163
-10.343066692909407
-10.227679350237354
-10.11310335355692
-10.014832176743118
-9.87617307874113
-9.836245091707212
-9.646008173382432
-9.603916036773533
-9.575224680629416
-9.432105915876273
-9.312183559283786
-9.317549143919338
-9.183720515150712
-9.076213894648026
-8.985020216177372
-8.96371831644942
-8.895401381526396
-8.812973383707991
-8.732987371423654
-8.65923747233157
-8.573921428466349
-8.518928298575482
-8.413727787664785
-8.385003203306892
-8.298616085002045
-8.189840725275568
-8.16313493929438
-8.028908072165532
-8.017356903960271
-7.968218719184876
-7.885532279767984
-7.817032108799116
-7.753394631266678
-7.6260656724485285
-7.5743145472858435
-7.555664273855018
-7.484325779364112
-7.462302634661703
-7.364626928332476
-7.3481196859412945
-7.265767702992389
-7.19602537767973
-7.128212959156762
-7.1131578047768
-7.042383376116429
-6.986487482318066
-6.9024534185347735
-6.886156232957113
-6.816230684359384
-6.802744253490052
-6.736299913327724
-6.672708544414975
-6.633575925591537
-6.58147816968977
-6.50969412541065
-6.422769331781127
-6.422882034425237
-6.316517271249876
-6.310125060970673
-6.298828587569823
-6.202896579968761
-6.155848837781057
-6.123356447555547
-6.061986386931534
-6.0065583304871515
-5.911781792731918
-5.896835652416707
-5.878432531784118
-5.849599075014729
-5.7998401106732285
-5.753461932858768
-5.698018269037052
-5.660895190680961
-5.609212868075798
-5.5706672940256805
-5.54836267452138
-5.462171962949657
-5.4953441515141055
-5.422569773731475
-5.363690765731453
-5.3740631916826835
-5.323143666925185
-5.289761940827106
-5.252075956763945
-5.2191915279390075
-5.1523792822950565
-5.1062973452085005
-5.035185939619631
-5.036160098098742
-4.983519602817565
-4.979822898092433
-4.958917809081463
-4.901733772677567
-4.870012117185785
-4.804208889324784
-4.785776654804943
-4.765053974872583
-4.733828315773394
-4.689074817719626
-4.665498459131273
-4.628101053505579
-4.570538292270493
-4.549856970278443
-4.533993253910934
-4.477921761207028
-4.450403496645045
-4.44748913467955
-4.416951011784695
-4.389340507476247
-4.363052973808322
-4.306804363075152
-4.269274505725408
-4.252610081061644
-4.244650855436458
-4.2161079999752324
-4.190755405261472
-4.169583711582905
-4.14962040759086
-4.12292835519986
-4.092091820360703
-4.0703284792017405
-4.019478784843436
-4.000484493263424
-3.9756007724182436
-3.9519697813068144
-3.913260959575601
-3.905171018332942
-3.878274723255561
-3.863356471982513
-3.810700297418853
-3.7983967923528064
-3.764054367437657
-3.7468851312954774
-3.770712699020917
-3.7448137991094663
-3.711482697726379
-3.684322949221212
-3.6562522414470457
-3.642494868536841
-3.6235868171655548
-3.5911937006659578
-3.5593373444585943
-3.540047528858923
-3.4984851936361223
-3.511912826540435
-3.4694460298469
-3.474737517276639
-3.4290818926465003
-3.4198601252665464
-3.4024895172151215
-3.3672465157831573
-3.363090944765918
-3.3155708531861032
-3.301034538980552
-3.29280301722749
-3.267750393470095
-3.253380652158095
-3.231005303538112
-3.2164666108280966
-3.1913255130029254
-3.1682399862858235
-3.1268356627303038
-3.1177946731306623
-3.114534593225362
-3.081957480317538
-3.0826532148668186
-3.04900451325077
-3.032217406038093
-3.0269314608656113
-3.004478314075984
-3.002075957162273
-2.979675196691998
-2.96732091536599
-2.9391000631153332
-2.920675526439808
-2.90738804230114
-2.8832781718360563
-2.865745419823222
-2.8616447580022433
-2.8349059605279145
-2.8173363826968223
-2.818581803749548
-2.7809106949251343
-2.7849603224579322
-2.762280191747401
-2.7429783587372163
-2.721482770995642
-2.7151894189013466
-2.7072072377636944
-2.684398012454067
-2.661789619513134
-2.634393549373395
-2.623750998083436
-2.60585597609793
-2.6101165029868434
-2.598542182236148
-2.5787806663706667
-2.5786261604457685
-2.545403672781936
-2.530847705342566
-2.534811169990743
-2.526472619222585
-2.5120111939690886
-2.473944567582858
-2.4583801207444207
-2.427753144578138
-2.4486133336409703
-2.436190800098329
-2.4292554857325914
-2.428398676515257
-2.3880598336827394
-2.4091783658145327
-2.386501945487759
-2.3511210950359005
-2.3465270525214335
-2.327833212392807
-2.312289503933556
-2.3068157335208195
-2.296841352115056
-2.29260788778469
-2.273781418729836
-2.247010065663866
-2.244313956250556
-2.250048683391272
-2.2243839183437175
-2.205605015561687
-2.207959420466655
-2.1932562186072126
-2.186647475124462
-2.1786773757360995
-2.1671264186358896
-2.1621373666097434
-2.1294845069624024
-2.1389895334266433
-2.1050743690190745
-2.1126423600602995
-2.0960560828888757
-2.0821593559355893
-2.078116019320202
-2.0711137468024554
-2.0465583011675905
-2.0399013086712587
-2.0243739558740494
-2.0091496064306757
-2.0125013761187738
-1.9844181701568249
-1.9962092819646629
-1.9900000760532441
-1.9715540382058825
-1.944205815996711
-1.9543848865504316
-1.953789156152497
-1.9472967545318967
-1.9255956194281258
-1.9223650460412933
-1.8961810308356333
-1.878856396250173
-1.8837091584998942
-1.8767378160283117
-1.8726344406647895
-1.860486366958586
-1.8510475190197004
-1.8366266190714247
-1.8247484071713933
-1.818061812465967
-1.8156380776778183
-1.8042355837903765
-1.7974607776730829
-1.7879355399992347
-1.781184200621142
-1.7731298500374892
-1.7535186452536509
-1.7578729097997947
-1.7577842583215433
-1.7450465798710266
-1.7074114374651115
-1.7108141119009124
-1.7038970109455216
-1.6828105725898894
-1.6875427589092695
-1.693909897208729
-1.6975854317715164
-1.6854226961647596