91.15969601379507
90.746171015224
90.0072193756079
89.08724749752675
87.85645433018784
86.35211965428054
84.63666047585336
82.76394419165611
80.60392948142315
78.23465871333507
75.76303349158002
73.08904507331486
70.35127221107807
67.42011043566278
64.4523041416696
61.43560053775565
58.32812505555788
55.19828654787249
52.10245860451088
48.996029743971796
45.92560905651305
42.92677257800967
39.986950063498156
37.14455425633491
34.4002342032707
31.75051385589063
29.220431832568277
26.825364214100606
24.575537382260876
22.47129387275958
20.509259047054318
18.686674977677374
17.020869747372082
15.502067969490902
14.13302752243829
12.895476590100994
11.800793568845398
10.836584173374634
9.999888949453727
9.28084323014786
8.668557375880363
8.157229200279804
7.7349690403840645
7.404041611724257
7.139418164641381
6.947451643533376
6.810032901893744
6.718682230610013
6.667560725794414
6.647997200967256
6.647893141392783
6.669617625165424
6.692154905375174
6.725548099936618
6.75980597666335
6.783733170765132
6.797812912467967
6.8020018852817845
6.789360460152973
6.759468840625778
6.7138119377600205
6.651027569142702
6.559265578181403
6.453472055897861
6.329591711136528
6.185118708897443
6.022718582063944
5.850032659998968
5.66085322057292
5.459971175719796
5.242269791547532
5.027883322997905
4.797883282656142
4.566221748237699
4.334798460339571
4.103561514463161
3.869934129411032
3.6387223397677753
3.4163710737849358
3.196894085915318
2.9808543870795248
2.778717930617236
2.5837064293296232
2.396668019233587
2.2222446709640225
2.057968204526101
1.906018832406521
1.764903226901308
1.632929448111305
1.515197010713749
1.4075852092281251
1.3124385917421906
1.2269676088057129
1.1526105269541322
1.0883087750954168
1.0333785237746687
0.9875214028461808
0.9506583614598594
0.920355308973302
0.8974231217562277
0.8813944447239128
0.8707678371149723
0.8646769923085639
0.8632266453472386
0.8655438879707206
0.8701187833612805
0.8778147696845283
0.8867642584878738
0.8966930866116815
0.9080018744111241
0.917874581734586
0.9280149938544653
0.9371641852272001
0.9450122759666588
0.950553785929973
0.9556084860574041
0.9582753925482198
0.9576058617514814
0.9546925992306985
0.9516359097645921
0.943115938604881
0.9333205681277195
0.9213877356238093
0.9058491568349065
0.8888474156561604
0.8699739535411207
0.8492669501820558
0.8270537928060383
0.8019929249532523
0.776301296982691
0.750197504856327
0.7219840461292444
0.6933447848574982
0.6647210795192184
0.6368010815553686
0.6074380870364642
0.5787003128365362
0.5505275299420774
0.5227664026241656
0.49608134981685337
0.47040151695132
0.44550962589184073
0.42166525583447606
0.3989169424371239
0.377814108095382
0.35816742211817315
0.33968363440189636
0.32261020694608694
0.3068958209966561
0.2927523884112964
0.27995908637175404
0.2684080008732132
0.25850327621351826
0.24971739587855876
0.24210161867784616
0.23573032066173225
0.23047504811216307
0.22618523676671473
0.22299285931842755
0.2205014290773033
0.2185793565642245
0.21739564784105225
0.2169773599700441
0.21704969299853724
0.21741802619359732
0.21813631117778098
0.21920940843613435
0.22015961488058797
0.22136733986849422
0.2223112685602231
0.22334003674063932
0.22422052139305776
0.22480964276879176
0.22513492057465478
0.22539431631418347
0.22528658226213547
0.22465896903733582
0.223848073809704
0.22256374414307484
0.22100570600420136
0.2189151162859397
0.21649470653649625
0.21363267432927113
0.2102482745950526
0.20667370365194707
0.2029055560676503
0.19867655978876111
0.19432395307745814
0.18952903421086886
0.18485599629737282
0.17985189284192957
0.1747502249849798
0.16940601409024064
0.16425506323525182
0.15891539267677118
0.1535822340981976
0.1481302803934194
0.1428862773644183
0.13786649823676506
0.13276224806391682
0.1279729073155567
0.12335160753397911
0.11886586516402427
0.11455214410533618
0.1106913831382777
0.1067395845035599
0.10315756021201136
0.09969894076023603
0.09669993288945997
0.09380045544947328
0.09108457138023762
0.08872974205710349
0.08656793229630595
0.08476092823284073
0.08291825078070333
0.08161634125196875
0.08012044563101252
0.07907343292973855
0.07808493043933132
0.07727866754667011
0.07653550006728795
0.07600204009803749
0.07521808725054765
0.07506367208053974
0.07488313788768561
0.07450711711872905
0.0742515811235814
0.07419331237955357
0.07401524031954058
0.07392764569727134
0.07377268211741664
0.0733290390399898
0.0733284297205259
0.07305654426026259
0.07271871129004258
0.0723587643454938
0.07200412910849266
0.07150525215189446
0.0709872014850449
0.07031281523807999
0.06972634192987166
0.06898260935505657
0.06819467769606752
0.0673495883268323
0.0665041979895247
0.06560359721438973
0.06429852596731586
0.06308950278664274
0.061990594641804696
0.060945704898802265
0.05984425226464733
0.05852114278071814
0.057315411694015925
0.05608182443929092
0.054741670929414815
0.05338900988624162
0.0522948197672807
0.05090521498016737
0.04970390157415203
0.04846598847315437
0.047378941459907856
0.046189501447868944
0.045060389837823685
0.043971391938617356
0.04294597612319029
0.04196039958763407
0.040974302953771934
0.04009862369274626
0.03925096698951182
0.03843345204947903
0.03772394294032959
0.03703913495022964
0.03642184264054349
0.035730372335243545
0.03515083141641124
0.03463208688958207
0.03417485966672374
0.03377160714293901
0.03322171620276402
0.032919126579862866
0.03257596544698987
0.0321873472183932
0.03193035320010495
0.031670274884551715
0.031466142351001224
0.031214119922400082
0.031046549221528965
0.03083457119603277
0.030610976096366458
0.030502861814013127
0.030171457654340254
0.03001252321533309
0.029883612314005978
0.02969935492638539
0.029444826459110233
0.02922188348000362
0.02900411631836766
0.02873747818162878
0.028537334801198647
0.028197618219642052
0.02799354432957103
0.027737695283546627
0.02743189791898931
0.02709606967737289
0.02686985803963686
0.026369852198922315
0.026157645879684402
0.0257829652152069
0.025476277003720117
0.02515275426645031
0.024815189468397413
0.02446007331747982
0.024025881228836785
0.023674531236882627
0.023272795852582632
0.02296143237214396
0.02257447953498646
0.022122518151413903
0.021771511863026376
0.021371343229554897
0.021072807287870882
0.020749174698103775
0.02030279108416708
0.020009540294066094
0.019641934846432754
0.019316762496281666
0.01908399873200012
0.01872041687320848
0.01845000850681981
0.018202625607981734
0.017911735365786323
0.017623825909628417
0.017420959357289743
0.01715369961345597
0.016951135250261415
0.01670155855327989
0.016535143369204548
0.016348227233365775
0.016120586842201932
0.01594044109489919
0.015808445559851725
0.015604760612667561
0.015426597423761255
0.015335367657006022
0.01518307814024801
0.015055808348126832
0.014936760892515253
0.014783180972650349
0.014684610889418992
0.014552410498058615
0.014408617635066468
0.01432932457753336
0.014169363556136082
0.01404102083546827
0.013939920796450308
0.013890147744517795
0.013737668824599125
0.01361568836367071
0.013481901541311575
0.013391775564673998
0.013277818877598123
0.013143114203651057
0.01300197937218662
0.012925363230804579
0.012783400161532685
0.012638320442364986
0.012469459832194054
0.012411231179214097
0.012225315628951655
0.012105186778990015
0.011967249607798566
0.011842296584844772
0.011693069664401014
0.01156148426941841
0.011383954531023487
0.011264614054052212
0.01114509918377694
0.011012292471311743
0.010882086371201211
0.010705206946236221
0.010610734521996209
0.010468173655500238
0.010365722336721497
0.010199373135546955
0.010087415525026013
0.009969779599453598
0.009837718245912994
0.009712111273263624
0.009604229252955728
0.009490737459086457
0.009332292452047754
0.009268697614441416
0.009151367026427656
0.009049398395001405
0.008965623700476752
0.008823508168862067
0.008751979768799273
0.00867966580223149
0.008577184872022841
0.008470705378546054
0.00841738245124926
0.008335850201053778
0.008247503116565663
0.008192366567714176
0.00809186999854917
0.008035007491895363
0.00796815100209764
0.007858581935747545
0.007788772699284055
0.007790817755350075
0.00768636144828512
0.007634294270020333
0.007556240339494921
0.007494983102349673
0.007438552533316709
0.007362037041743216
0.007307757351377357
0.007211804163510159
0.007151092582919834
0.007089387421959364
0.007049588801785381
0.006996399425091674
0.006926842032580474
0.006844021923977213
0.0067995285062409224
0.006745066335167687
0.006683179698282603
0.0065822075992056795
0.006551574612733905
0.0064952997866648
0.006438240389517466
0.006365261124732347
0.006283822343300029
0.006248076504347139
0.006217672283950682
0.006100217960643165
0.006083960766993531
0.006031285927222822
0.005950329707799317
0.005891608719931709
0.005833326344129081
0.005762658550951433
0.005705788160818821
0.0056441885735198155
0.0055959650294160465
0.0055212806541049325
0.005477987637764506
0.005451942827048294
0.005394797821982692
0.005347292390878669
0.005286405459658836
0.005181169685287272
0.005137720653764487
0.005076040242140962
0.005092739547949872
0.0049917348597136885
0.004989741506763351
0.0049503851845980155
0.004911397677958976
0.00485002947531183
0.004822360392097066
0.0047583768131149165
0.004716889177055923
0.004661024372648669
0.004582211237369424
0.004559688223949127
0.004542208824057304
0.004534493234994837
0.004512678726687622
0.0044694291787640865
0.0044422045902400165
0.0043829973799705945
0.004342338046145658
0.004315900102079382
0.004278688934971982
0.0042272862454085305
0.004201549157737033
0.004179907358914575
0.004140297049076944
0.004110004245783881
0.004079803016883116
0.00403337652398925
0.004032073333474466
0.003952255136692851
0.003944527917690219
0.003893840591312944
0.0038822614080918495
0.003817625198881828
0.0038055436143528314
0.0037655267577937036
0.0037500567148688975
0.0037196231046386988
0.0036993356984070147
0.0036624320884332704
0.003625774298496226
0.0035698821645189054
0.0035592541059942108
0.0035314195403094604
0.0035164143148075987
0.0034766902599271178
0.003443630104257254
0.0034060293794944785
0.003401779852180753
0.0033708137683988795
0.0033159300384338988
0.003293540366436511
0.0032756978410054885
0.003254726615149875
0.003221343937578262
0.00319033367281334
0.0031404701787220014
0.00315042762893084
0.003114342844482225
0.003100021263205114
0.0030534123540015127
0.0030416243927219705
0.0030072307976284976
0.0029817413979553414
0.0029660270555202785
0.002917797911149604
0.0028975983926910567
0.002899707525219794
0.0028791608986020564
0.0028492635859972784
0.0028306774976004177
0.0028049579050637135
0.0027701825198806745
0.002765363040923502
0.00274297145377764
0.002719655913593975
0.0026989380963034727
0.0026858800433580392
0.00265956958013542
0.0026436448497959373
0.002620929907060796
0.002600515266366524
0.0025709796164595355
0.0025685631565113246
0.0025468354674359653
0.002517533277858638
0.002501899745119722
0.002478720447650581
0.002469114869181525
0.0024348375472934424
0.0024168923097363185
0.002402947351208086
0.002372965217674121
0.0023624274294551033
0.0023561786936115623
0.0023335884998626033
0.0023256596225287823
0.0022860813221622775
0.002288522868764875
0.0022601744557046834
0.002244918077246385
0.0022351872762163684
0.0022032414265262565
0.002188927905957886
0.0021744592789214325
0.0021540053395085372
0.0021560429868442746
0.002140104437250451
0.002113198474829925
0.002107566691898867
0.0020862314720140893
0.0020694151301313083
0.0020412414038943148
0.0020336360509880334
0.0020193315929739656
0.00200251112949756
0.001977982754941772
0.001969930515760295
0.0019615073102152315
0.0019579715504477483
0.0019327015699366595
0.001917730364406169
0.001909608780675111
0.0018899232238895063
0.0018692280217240337
0.0018618912751104362
0.0018511889656802076
0.001849576970164067
0.001832434296468021
0.0018197065230282773
0.0018018193605438618
0.0017943914250641351
0.0017714793970316442
0.0017612313983534425
0.0017491371858122636
0.001743218214823261
0.0017193936924468905
0.0017154761609691083
0.0017030914554944385
0.0016912944573083402
0.0016728036049469262
0.0016582919202983285
0.00164673524069783
0.0016454734317261212
0.0016295333900209475
0.0016229963992902031
0.0016101610828310722
0.0016029708921322953
0.00159094961334095
0.0015742446508420313
0.0015723160567583639
0.0015526984069767023
0.0015437458202780636
0.0015390903600723666
0.0015180134938363736
0.001515093747189698
0.0015025907215756309
0.0014902218550832313
0.0014822056399348368
0.0014763056698188662
0.001468159040629821
0.001457277704113209
0.0014473144192780195
0.0014355134936481844
0.0014197949856680036
0.0014198090823721783
0.0014051759335325228
0.0013981279732684225
0.0013845588548224363
0.0013814506455726361
0.0013726513785330004
0.0013639790551042157
0.0013551146562935574
0.0013450967213974624
0.001336405052505838
0.001326412630888335
0.0013165298345194265
0.001306695319473212
0.00129724986936792
0.0012864008444405564
0.0012804127113048324
0.0012681608510154427
0.0012640599857396192
0.001254873843616288
0.0012422415482752876
0.0012388267196798027
0.00123206815911617
0.0012222568832390072
0.0012132287825665038
0.0012032722344781264
0.001197602676190078
0.0011952356672988334
0.0011798878945513355
0.0011725910640612617
0.00116303903239013
0.0011619627502198239
0.0011548386659461396
0.0011458038174643086
0.0011446072851642479
0.0011353840414960684
0.0011213358857850029
0.0011169480312613151
0.0011087670145089438
0.0011047784337087372
0.0010966130582314546
0.0010920777271321814
0.0010836940898360302
0.0010757984135498244
0.0010709476348923336
0.0010645318885754435
0.001052406807412145
0.0010436201808011242
0.0010394590514419021
0.0010360058767974682
0.0010322704009601057
0.0010243335476660075
0.0010130801916368565
0.001011460899842379
0.0010001593223056137
0.0009924408355981614
0.0009914096539730627
0.0009807490712007221
0.000975311700290011
0.0009748765968573771
0.0009645036826903519
0.0009625989161005566
0.0009530843371128811
0.0009459171369670457
0.0009415929422210102
0.0009386068973522513
0.0009330667616508396
0.0009238485750948149
0.0009176224891226606
0.0009135248679954235
0.0009055567873832121
0.0009024596524361509
0.0008925112774525466
0.0008932679102974173
0.0008835721881666533
0.0008821064421245994
0.0008749022890944142
0.0008712637589865811
0.0008612912902069375
0.0008582646382439294
0.0008540004975913039
0.0008505503966302197
0.0008450146423641578
0.0008340907396402049
0.0008324559060251817
0.0008288171490052115
0.0008231463491659843
0.0008187494971474727
0.0008123049453554627
0.0008084763587297294
0.0008055095935481394
0.0007976673191194929
0.0007936098324114807
0.0007884454229530627
0.0007833590588348346
0.0007812173534667375
0.0007777392307452491
0.00076998737417177
0.0007665040784907133
0.0007607130114822801
0.0007577622977918893
0.0007507366938088858
0.0007423426208993954
0.0007397528119196748
0.0007335618595211978
0.0007337946703912041
0.0007284839486823823
0.0007251751647485966
0.0007217150267210145
0.0007184494423700769
0.0007125365591692128
0.0007077128294910772
0.0007070406646332973
0.0007021891359901772
0.0006964039430702101
0.0006909716704172967
0.0006825713371120214
0.000682532354425837
0.0006798104347111842
0.0006764153272988947
0.0006734746143284486
0.0006685520243508285
0.0006628937431497581
0.0006599938915007651
0.0006527200946761205
0.0006542273589851445
0.000642929565023363
0.0006422489401888699
0.0006407822841471725
0.0006373524035143476
0.0006343691834430108
0.0006321052871464189
0.0006296993105732307
0.0006284929232166676
0.0006216060009491171
0.0006175832152964257
0.0006166614382833431
0.0006102552393324452
0.0006087843351458345
0.0006042178599015337
0.0006024537753523025
0.0005960926550731944
0.0005936980769439767
0.0005882481681146312
0.0005856800148011119
0.0005885016793321408
0.0005802330268882566
0.0005767552818871446
0.000576000927764173
0.000571532605326019
0.0005695623986892292
0.0005658303727811439
0.0005640309367335724
0.0005612586580650439
0.0005573435593873571
0.0005540490311172593
0.0005494816104686803
0.0005469807608764848
0.00054083707735068
0.0005427082551817636
0.0005370251865059591
0.0005350949168540589
0.0005316873939300029
0.0005274503212027276
0.0005256396136066156
0.000525029176887437
0.0005199308591862043
0.0005182651970193101
0.0005156131131345575
0.0005124153438256844
0.0005100580916643235
0.0005063153926400474
0.0005059134607385511
0.0005038468460899623
0.0004981597096644972
0.0004955054922452727
0.0004910981173672547
0.0004908322924406799
0.0004895682608362617
0.0004853570847947728
0.00048456081447695694
0.0004812365008251049
0.0004768769013740863
0.0004729445332813773
0.00047420806852370727
0.00047043668795874853
0.0004678707164901376
0.00046448599350105984
0.0004635815048764448
0.0004589231489860093
0.00045935952242677524
0.00045517051763231437
0.00045382302522100346
0.00045047289197626666
0.0004476149624131037
0.00044644032763359917
0.0004431744243485497
0.00044104916280841085
0.0004411270456431286
0.0004359298998490788
0.00043353335672154965
0.0004321580271844146
0.000431298939414275
0.00042844164144756943
0.00042562364798118496
0.00042250585153714716
0.00042112186842902655
0.00041648021455189047
0.00041747053275738397
0.00041502871258285146
0.0004119579350065814
0.0004094121164339274
0.0004081623983128957
0.0004079140457382888
0.0004024096495969661
0.0004030834460079313
0.000401042962871627
0.0003982742616983913
0.0003945964425477802
0.0003949043436196245
0.0003894029422593285
0.00038998720677915126
0.00038829307685702585
0.00038535071680194903
0.0003838616876074412
0.00038142348900244686
0.00038110406919426837
0.0003776660073877904
0.0003761584318375006
0.00037475551019115126
0.00037339164486578245
0.00036870549881467065
0.00036899345277752074
0.00036871445113781457
0.0003634006540835296
0.0003621554803713946
0.00036215152627733156
0.0003587589924241431
0.0003580084753562546
0.0003523368712966933
0.00035463186012332445
0.0003529301485276405
0.000349128170051562
0.0003482216291176767
0.000344947941677245
0.0003451782481224073
0.0003435653267288912
0.0003405254875345086
0.00034211369677246997
0.00033937500337653895
0.000336068668649865
0.00033614551013165576
0.00033395235007125756
0.00033229627461175363
0.0003302984679165225
0.00032934241763728705
0.0003263815825314271
0.00032457235933100594
0.0003257170795863373
0.0003230513070450299
0.00032136038013781134
0.0003189833438631005
0.00031801011551557207
0.00031597465121268697
0.0003148164290295098
0.00031383421427823164
0.0003120024681455434
0.00031152400617981787
0.00030852268285414707
0.00030768697235725254
0.0003046046941097978
0.00030312188612232314
0.0003007586538798171
0.00030079271762314
0.0002992268094629963
0.0002973603191545886
0.00029730212058310805
0.00029634875593147246
0.0002938365006910184
0.0002919676155130466
0.0002912141295013902
0.00028882260867070135
0.0002883102542686456
0.00028732976666275196
0.0002856652524289219
0.0002844734445893445
0.0002831779094163379
0.0002815864849627031
0.00027979145851798854
0.0002784842624508259
0.00027672145023701386
0.0002761247027418338
0.0002752101349838997
0.0002734499420345013
0.00027195933035507235
0.0002708870376213534
0.00026948146611310316
0.00026822100420046644
0.0002674008599255397
0.0002661619820954174
0.0002649024804335395
0.0002633474446173689
0.0002615556486827604
0.0002613827186390472
0.00025938518315226695
0.00025854623105202497
0.0002572138838496302
0.00025612924219922304
0.00025458415050270364
0.000254468177114265
0.0002525941065254655
0.0002519644089957066
0.0002509166549897319
0.0002496997040099413
0.00024820831024013505
0.0002467686382056957
0.00024515479633368186
0.00024522281157778796
0.00024437725831163385
0.00024225911917395812
0.00024162664407565635
0.00024055636870182147
0.00023951195821991228
0.0002383977887424374
0.00023735161775093817
0.00023614207711737388
0.00023511034521892497
0.00023420419917283083
0.00023224373625851667
0.00023177836654959046
0.00023050710938364764
0.00023030638476875562
0.00022855689052268197
0.00022842955093456096
0.00022691473175763494
0.00022625807325002284
0.00022527204040724707
0.00022375661513372302
0.0002231178489041938
0.00022267860864309434
0.00022142400105568702
0.00022009225002861572
0.00021908133819019193
0.00021742416317549552
0.00021624124481919103
0.00021557246938601235
0.0002147531205134307
0.00021400859652408427
0.0002129787086511234
0.00021165988932339558
0.0002111501329495382
0.00021022594490312726
0.00020904448051326394
0.0002078597697944525
0.00020770230077511603
0.00020670149471546025
0.0002062768027910427
0.0002045375944698532
0.00020451935148995133
0.00020285536689173183
0.00020235452038406605
0.00020157800216821957
0.00020121244747999277
0.00019894528753605385
0.00019840231711478623
0.00019708218716294363
0.0001966230309602958
0.00019567835442213532
0.00019458677123516732
0.00019368556138266513
0.00019295802540429034
0.0001922926046946345
0.00019234227684600627
0.00019107757240582272
0.00019045907063372145
0.0001894997184277329
0.00018865502008226336
0.00018792396393609156
0.00018728260410163207
0.00018634296903727887
0.0001854134459435793
0.00018390404000826578