41.001109355981775
40.949197145739944
40.924916838801785
40.88217618585488
40.839312467461674
40.75609438893831
40.691314427775005
40.6027019798209
40.52498951714771
40.42813409890259
40.310871717557184
40.21208908948775
40.0555326221663
39.94958962761231
39.79709427112477
39.63389100446393
39.50091926869065
39.341352859642896
39.17767233884727
39.01321558613137
38.83778680209784
38.66613213336534
38.46784425798963
38.28384740189709
38.07993146449883
37.87235782388898
37.67991872272415
37.4634145191719
37.27113012592311
37.05605542489857
36.851563238704394
36.62564366190888
36.409643665807266
36.20843547985585
35.97844790223154
35.742654169828576
35.54064904724408
35.29960581151062
35.06699375153487
34.84277393165436
34.625331518316464
34.392358603606375
34.15689294279725
33.919752698759595
33.70124511643994
33.4650539615591
33.23825863239924
33.01466537871011
32.78036226247884
32.54405871886428
32.341388961660684
32.12331155321026
31.886788312570427
31.663940631856065
31.45166407855533
31.227294729423175
31.0103365150424
30.78939938285256
30.578690597699016
30.362266651182555
30.159379194342446
29.94550836137375
29.734850193855475
29.521917820151803
29.32035098097589
29.105465778718354
28.904972021618743
28.70804395538249
28.515180166396732
28.297396940632208
28.096713151514923
27.91557197438132
27.72332281360613
27.51259129082002
27.31491526105193
27.134198762817224
26.937398065075474
26.755976011720865
26.559456364359047
26.377217414685976
26.19411149539809
26.006081871598706
25.832013544258455
25.650718068252544
25.485495254930424
25.309387145609136
25.121000705918345
24.956562343242524
24.779249781279496
24.610611715121383
24.442465036261396
24.287110184641293
24.10847327081758
23.944954603796184
23.788003099290663
23.6205390279485
23.468954584346132
23.312372782298432
23.15007508619797
22.991908884670362
22.843614821561534
22.69160453398624
22.542857447716525
22.384676161928564
22.231446831462986
22.08049148669891
21.944626941471963
21.797453400848585
21.655225657667476
21.511768327292646
21.373704066213318
21.235581424324206
21.099216043376376
20.960617321291192
20.825688759673717
20.693861355525133
20.56193043853743
20.424376426393213
20.297521372995927
20.1694363882713
20.041818685998948
19.91669446845066
19.78782225917176
19.658395643205232
19.54021354310521
19.416965125868355
19.29044398833557
19.175462174924302
19.051367601390645
18.93509711052201
18.822018990149363
18.704709040895064
18.581380460034158
18.46823166646032
18.351698730466193
18.237687204467615
18.12237621283623
18.01936054128938
17.91013830418919
17.792478678737034
17.685808665860932
17.58163427518248
17.47806164059941
17.373731921998914
17.27379888475782
17.158129243329892
17.060414782966834
16.966607476105903
16.864872295601714
16.760244880999494
16.65580495195146
16.570163954153564
16.46915795931487
16.37193587647433
16.273143865378717
16.186852260690042
16.087912458319494
15.99958357981453
15.906764804870308
15.81671574400297
15.727564164245045
15.634865813857083
15.54460888055436
15.455029481581857
15.36318198246764
15.279472109095344
15.195265139496161
15.108329656397673
15.025800134438684
14.939208676883647
14.86469502502175
14.771334874279209
14.684258484480052
14.606751630872715
14.52658076866356
14.451018238064304
14.36544306936617
14.28666954814635
14.211548965285377
14.129915656626578
14.04962022628106
13.976076435119552
13.902668802994157
13.824744971939761
13.752839454247907
13.67739641437904
13.599504772385497
13.53396381274494
13.459261186505175
13.385590120245261
13.314648920083494
13.245872300836329
13.175668391840587
13.107487416953601
13.032201594098217
12.969649358064094
12.898461407398024
12.836374967685028
12.765268758528364
12.70366452187836
12.63579517903366
12.566483453094962
12.503662566740191
12.434162892855731
12.374260806395712
12.307640899515416
12.24782184522335
12.186244187678795
12.121169602855012
12.06070175868958
11.99980942608586
11.941086613976244
11.880279760445854
11.816738114151478
11.761139106488883
11.698449795312408
11.639872419695886
11.582955728652413
11.527202456597166
11.468533686519775
11.409438068208873
11.355095164866432
11.300790958619247
11.245373006774182
11.189666876168165
11.1349214257149
11.07938526328655
11.026635180736207
10.972987822131012
10.919603749044326
10.86564823612702
10.814202097922225
10.761783212618978
10.709714363990422
10.65967201689097
10.605712069114375
10.557622269491075
10.507336394621595
10.454065429048295
10.404360814600237
10.35721387998274
10.306930620924915
10.257901888382708
10.210831227254456
10.164668547455943
10.111511496806779
10.06577681534044
10.017025939158207
9.971823896228868
9.928815394529408
9.880241364542972
9.836089695606258
9.789842303347733
9.743852290465574
9.7016846696093
9.656513097912068
9.611089219184924
9.563178437790446
9.520609920441473
9.479437915774808
9.437384880557026
9.39277428465982
9.348277070597137
9.306740344372885
9.263823776467628
9.223010662582762
9.181972854954745
9.137780132515733
9.098816835791364
9.055932946324562
9.016725423875515
8.976618770016824
8.935665424107976
8.898176659759105
8.860904362542573
8.819767694814658
8.779839918864232
8.741311196803704
8.702706028729697
8.666702645425657
8.628815747074977
8.594246498250108
8.555984564204755
8.516766840015784
8.482352159445348
8.445449681029528
8.407416413094314
8.372718176536143
8.333124398512117
8.297592400164502
8.264536548180484
8.227948777956373
8.195156144904711
8.160659210415913
8.122934305642387
8.088582186876389
8.055108093520822
8.020139162599948
7.98702767326354
7.951057190627229
7.918210915861971
7.8850737343485715
7.852544437725421
7.817526512041318
7.7834267286513965
7.756129985823714
7.7221986131254505
7.691496597227149
7.654958655795609
7.62272517098218
7.59134661839297
7.559308860710933
7.527555098711634
7.496521676562821
7.4672410385370025
7.440846303342527
7.409211868752199
7.375813807371305
7.351414664649696
7.31761796598424
7.2913985190275685
7.2598087109307965
7.228478975354593
7.199867121369966
7.171599629056914
7.142178739372117
7.1145380280759305
7.086552051388414
7.057399148846773
7.031220949236465
7.000581291682792
6.974124427476205
6.944514613016856
6.9194511762766835
6.890053354375551
6.862281429354197
6.835050472310279
6.807502375711519
6.782217256915112
6.756738619579806
6.729834335463863
6.703053377333933
6.676252452058468
6.652041434904336
6.623714974170768
6.595216443815106
6.571073177747605
6.546623297725217
6.519252013921234
6.494750612232106
6.471565979577021
6.445026469472648
6.419774108262107
6.395502003012699
6.37179543028617
6.348629411381439
6.321850653231477
6.297848040138054
6.274620626406339
6.251197581535646
6.228187683215197
6.203538957316808
6.179716842689653
6.155894483631891
6.13230656988133
6.109709484116035
6.085919173727812
6.063487125545739
6.040973800569654
6.0185180454585545
5.995655683993532
5.972559680103476
5.949561669966233
5.928689597834081
5.905455066323788
5.884336572018557
5.862894202735633
5.840943314831785
5.8189989229217485
5.796831439519062
5.77640679419667
5.756551887645708
5.7334608763067125
5.710960923386296
5.692928884891985
5.672356226487883
5.651718273235245
5.630670262258391
5.609503380120324
5.589938532700674
5.568314846731403
5.54707686783089
5.527909400550164
5.508599927346277
5.488559226982065
5.468361287289015
5.447797520195928
5.427110980169045
5.409062746823972
5.390017203445831
5.370483158025042
5.3495799575033764
5.330695357339407
5.3116521583379885
5.293540389904923
5.2731651571191955
5.254497404416008
5.23523533498435
5.21743349982005
5.197297387112795
5.181491767362697
5.160690590310623
5.142295430237826
5.124323760804344
5.107999078561259
5.088730101924845
5.070645996333255
5.054068615925926
5.035420754670258
5.017084450194043
4.999307604054675
4.983176120087514
4.965609840460091
4.949061636531872
4.931427230087656
4.913416415082446
4.896571412898642
4.880260920031464
4.86478478262827
4.8483471377995455
4.830674383153531
4.8146213604053925
4.795978561469546
4.779134415742589
4.762280495104878
4.7468000883033605
4.7290748322887755
4.714779049799011
4.696987675403068
4.681079993980428
4.666516307263014
4.649462821464237
4.633551606378093
4.617333570568473
4.602750942368324
4.5870014792602225
4.570774858090485
4.555926213696178
4.540420901458042
4.52497128907391
4.508921015145798
4.492621633972079
4.478486826672072
4.463215648463889
4.4479057026177475
4.43383757695293
4.41950242146906
4.4039074903265965
4.3906840083938325
4.374789422929454
4.360515940829329
4.344924359257147
4.330453736190588
4.31547774673304
4.301260870695469
4.2886504252309425
4.273163959437155
4.258650855199805
4.2442814184841575
4.230925014372435
4.217126194815461
4.203792966362199
4.189038434056869
4.174858164292042
4.161236749851972
4.148067659300754
4.133848610142222
4.121736421462661
4.1078705421141
4.0946209263313955
4.080724564368529
4.067360987681692
4.054561060766412
4.0410874170527205
4.02783387824184
4.014625157833593
4.001407423830156
3.987662382706332
3.9751430555862326
3.9622150995738417
3.9496026172239325
3.9367092882829486
3.9246393349129867
3.911096735473366
3.89807689387334
3.886137277663009
3.8730569605599316
3.861412907958415
3.8483463601582013
3.835372512361994