58.01340464224601
57.8679473723251
57.66974517463764
57.35338588970058
56.926487172802204
56.4793550480147
55.90706467766535
55.280929622734114
54.52852623078449
53.79080767698879
52.902868916218715
52.00578807930681
51.029384574989706
49.97871874107171
48.89458681469301
47.730760575424384
46.56211463809504
45.3426975129237
44.091350361443794
42.80351649349534
41.485076722699375
40.15919993662046
38.82002354597032
37.48513270008769
36.1080912786546
34.737652894607905
33.390953595385184
32.064006547686894
30.724529215217586
29.410658513813495
28.124057370538363
26.84515689615487
25.616125224718854
24.394665861503157
23.218887630842826
22.08086755110827
20.974981259401368
19.911060826551434
18.900171437400218
17.921521611541788
16.97819568603405
16.092007591654145
15.251137056033683
14.45244779100359
13.702717625841474
12.999667818694473
12.335748765082496
11.721624242016013
11.14479598662576
10.61364439361728
10.124019860939748
9.674754876899373
9.262331025296927
8.887453164870765
8.541662439758818
8.232341948503944
7.950071369599764
7.696795152370823
7.466511156667205
7.2645796549309365
7.082273565724971
6.92253428979717
6.767954991241249
6.637935511728338
6.521518241970621
6.412338423770561
6.310172974245903
6.221637123675876
6.137752070621049
6.05677507402551
5.979116865166844
5.903600945214473
5.829742469541174
5.7541814372242595
5.680625695654275
5.602548429895974
5.519123771931784
5.434952162657594
5.347185209364219
5.256075615421548
5.15788446472249
5.056813510374834
4.952245095596057
4.842774588258275
4.728509422876661
4.612494703566431
4.490489377530398
4.366603553394659
4.240161366103377
4.111634072816977
3.9815705022957637
3.8487060737382497
3.717198339477262
3.5855144778380663
3.4534730756136756
3.320920516778685
3.192642126096369
3.0659428659856736
2.94122657513658
2.819480023634741
2.6993902719885434
2.584737608335399
2.475586093655719
2.3689927126522363
2.269730650550389
2.173645238068758
2.082924437903156
1.9976347672017556
1.9192508051439225
1.8444511823979175
1.7772624585546908
1.7147681394077923
1.6574577141814635
1.6030446178046773
1.5576212555401376
1.5152272413268477
1.4791911439560048
1.4440949697914454
1.415033243966798
1.3887102706456618
1.3664829342401403
1.3492659195684724
1.333320497165166
1.3201761470858613
1.3044779257538484
1.2986113085694704
1.2904350774788258
1.2841506614723701
1.2789290318940383
1.271788262200937
1.2667293851463788
1.2610480161507458
1.2554458369356327
1.249023445426181
1.242414035440421
1.2365203815273957
1.228031821309409
1.2172978905157477
1.2059725655963012
1.1948470187339395
1.1814000943853602
1.166943295480989
1.149327476622258
1.1305262277790653
1.1122717877974635
1.092025761378762
1.069184847989952
1.0471214254860108
1.0215988502766953
0.9971445834220657
0.9708173203619919
0.9447888009010101
0.9168564817031312
0.889253158572909
0.8609784128591966
0.8333409199581568
0.8056950009381177
0.7777510296619772
0.7500363823427588
0.7243867382587248
0.6970140909588609
0.670326756585941
0.6459634883479779
0.6231837940730472
0.5971659737550316
0.5755097976478194
0.5543785151871962
0.5347147944236456
0.5157647845499091
0.49855160128762865
0.48219232725126354
0.46779625187954316
0.4534433442684685
0.44127111010741554
0.4301222421508765
0.41985226516738294
0.41134703648538534
0.4029422867842121
0.3959246485560213
0.39062092940797516
0.3854722769609662
0.3812733228919928
0.37762495231977056
0.3750633355914032
0.37339605240804963
0.37169534541773513
0.3694941364593299
0.36818217871166575
0.3674868274526885
0.3679518887113541
0.3665518181605173
0.3659231855929595
0.365996623088064
0.3645410435500493
0.36360430781170755
0.3631680741280103
0.36107786078989845
0.3592377629790816
0.35751163856330026
0.35399050643569957
0.3522802408993649
0.34889282476471384
0.3447918400459435
0.34022409466368725
0.3361172338829995
0.3317181401383735
0.3264406083541574
0.3210548457801936
0.3142225053172636
0.3087303048209996
0.30126788810146876
0.2947633463783142
0.28817218370099096
0.28031673662604617
0.27270742265902653
0.26545704099564577
0.25801195709515123
0.2495707236505383
0.24275168522767937
0.23506574612682096
0.22772964944523597
0.21971978943828321
0.2131817313199065
0.2057664982379702
0.19935357553392924
0.19307500415961887
0.18693903553803531
0.1804233422569167
0.17522257050852794
0.1700058644798164
0.16465950853450045
0.16045339344365278
0.1559944946548171
0.15177354948558935
0.14852243336806367
0.14522812278401936
0.14247762963267666
0.13973347352230903
0.13712551368828446
0.13516423596416813
0.1330497820483899
0.13179500083429863
0.13049160201876783
0.12904064775209198
0.1285200015282488
0.12723135687288012
0.12647274184607105
0.12673390631836878
0.12610730093039133
0.12534117549425447
0.12520807608773943
0.12472638004320842
0.12439157962051715
0.12420119464327857
0.12429392768741576
0.12335250507635856
0.12319827057754822
0.12224371396399196
0.12149670590360134
0.1208795152566474
0.12000651295937931
0.11924463287547385
0.11834913359822573
0.11687041486992625
0.11562768153461178
0.11407886608639775
0.11294695643583431
0.11133359625715292
0.10923744642278024
0.10749817651682816
0.10529869290153036
0.10332586614250101
0.10134588201749017
0.09916017902952713
0.09700319220045711
0.09463048217216215
0.09239252031357068
0.08998428485446357
0.08767306760427065
0.0853511433703262
0.08319037640397986
0.0806690685313458
0.07806099492042788
0.07605112794127128
0.07383586994805519
0.07184487165685965
0.06955265806339873
0.06769820634432094
0.0658697087194291
0.06384588211577599
0.06230693747036026
0.060585995241949124
0.059022024449192155
0.0574150214337929
0.05627196320277664
0.05487272308269088
0.053704426347676144
0.05273816643265535
0.051581693979788935
0.05083035897327464
0.049789965852089606
0.04933455983046662
0.04871163536874201
0.04818262139118029
0.0476902347529909
0.04721260775008087
0.04698812577138547
0.04653129225740376
0.04619300112909411
0.045757209427262815
0.04560921274294835
0.045449105223405006
0.0451050977270892
0.044917832279554745
0.04455210072955711
0.04463133376874537
0.04375568021559462
0.04403545348540668
0.0434177665468404
0.043187786377047524
0.04295649322012922
0.042433591415469624
0.04194978029448735
0.04175938324152412
0.0417234246487159
0.04122461562251246
0.040422718975548576
0.03996603521553061
0.03939848076282328
0.038951592769003854
0.038283333204145675
0.037686605161563934
0.036882761632982465
0.036149563287946024
0.03553980989989039
0.03459272039577133
0.03401273649885556
0.03346670155266579
0.03223646076420605
0.0318380168425096
0.030859913815991787
0.029967882089701418
0.029108059078691323
0.028561587024423407
0.02760711225487375
0.026828258880077213
0.02624925382960114
0.025385141934613192
0.024734246692157902
0.02402613962396196
0.023261925012115076
0.022567015602989276
0.02213699743194913
0.021800502071850712
0.021166907524516474
0.020719012186591373
0.02019991360979607
0.019747748224998227
0.019421660773565882
0.018743173903820697
0.01866868744097793
0.018215436967357827
0.017920145237483885
0.01748820852641359
0.01721187047731812
0.01720608234317598
0.01692768161791927
0.016625130247957247
0.016467051466325745
0.016043301322011577
0.01602650550291683
0.01593678568214999
0.015746231567700854
0.01546826156961265
0.015271014294887664
0.015428840892247131
0.015334836162262964
0.015261596792981601
0.014880575472133034
0.014853371465495074
0.01470809308816693
0.014476640832829757
0.01438943651742606
0.014101834357012583
0.013994421930533343
0.01393523831816433
0.013627317262133613
0.013555791350814425
0.013237963963913997
0.013091011110544047
0.012784518770256987
0.012665480646804781
0.01224719502512602
0.012115088294860134
0.01178377325673804
0.011622659407415819
0.011413037659577768
0.010997809996283067
0.010645989122093406
0.010518328727443661
0.010062275858358569
0.009890787126154713
0.009657025613433826
0.009274722767968606
0.009008834670262332
0.008813300928220642
0.008485692092216106
0.008212161010859009
0.007992534227805076
0.007796822848338401
0.00764555599340342
0.007128386652057683
0.006996612725648908
0.006668767350482352
0.006607754180714781
0.006411269205333061
0.006150251490602645
0.0060221541303065625
0.0058821973518207605
0.00574048709246515
0.005450827213029994
0.005309101690591744
0.005200820854560753
0.005111122160155795
0.004892011077229543
0.004807354630595741
0.0045600751278203
0.004503549978644015
0.004450469055603721
0.0044226188485688945
0.004287636619988719
0.0042098784967797
0.004135345505628738
0.004067769483018351
0.004025790367337868
0.003883067528417716
0.003906501936141274
0.0037545214128118123
0.0036615964231787915
0.003627445616336558
0.0035175791310437013
0.0033934006061354383
0.0033742993701396974
0.0033286937164169234
0.003283825439553616
0.003125584210483586
0.0031849903441310587
0.003000022843003946
0.002943331969425468
0.0028252410619114157
0.002696937420391934
0.0026698633674448638
0.002592461958488035
0.0025779445378996298
0.0023686121855468413
0.002274072276197934
0.00220629146092455
0.0020056504173665037
0.001996422402584604
0.0018825471827668707
0.0018335667449078722
0.0016735387888463919
0.0015870109228852429
0.0014604797533029614
0.0013926849322776498
0.0013274627157785165
0.0012003949286965945
0.0011238451596639826
0.0009306010901980865
0.0008968368975016525
0.0006945943889495682
0.0006531201322180072
0.0005999734675034628
0.0004765914079872057
0.0003555587405195583
0.0003527933202595547
0.00031342752260432935
0.00018522269551868813
0.0002260147340132717
0.000059468784986658365
0.000018773324154441297
-0.00014522284634823035
-0.00020510750763597202
-0.00023419091012634766
-0.00031448529595225726
-0.00044688095491240905
-0.0004364280966769166
-0.0005179640083165738
-0.0006121295621127864
-0.0006056638949757966
-0.0006523267230877204
-0.0007358487525583916
-0.0007626878142353759
-0.0008680359317269365
-0.0008746954346984492
-0.0009077824945954325
-0.0009473087654644078
-0.0009393576820347464
-0.0009369832717234244
-0.0010115173390463869
-0.001091633304705448
-0.0010565109124075626
-0.0010175274703783407
-0.0010981609739395344
-0.0011235933836326725
-0.0011647992122219995
-0.0011262246932931697
-0.001211481247267715
-0.0012502098500577295
-0.0012313222958738206
-0.0013337549083730319
-0.0013412150436189771
-0.001393333187712299
-0.0014723160519369935
-0.0015308467380649744
-0.0015012953965998722
-0.0015753132325610245
-0.0015813300230850228
-0.0015677315075266012
-0.001630422969021963
-0.0016673474788041368
-0.0017220474216239979
-0.001762189682565615
-0.0017950452752557018
-0.0017731985513207845
-0.0018591509866986735
-0.0019122446115102318
-0.001961648106236375
-0.0019624397305457487
-0.001960994234711281
-0.0020839411944055778
-0.0021157060609334104
-0.002165261545500638
-0.002143626498008926
-0.0022032504060091637
-0.002225472201447238
-0.002244368357106578
-0.002270625447775203
-0.0022942169641615405
-0.002328266157797029
-0.0023242508940260085
-0.002386777671480716
-0.0023725407109560065
-0.002378633628702015
-0.0024871527965498264
-0.002504529563762932
-0.002512239479344531
-0.002589164921951594
-0.0025820527629346534
-0.0025679033817315655
-0.0025794306808422937
-0.0026005513852348644
-0.0025802172443573365
-0.002610205006455411
-0.0026212910628759275
-0.0026560296880680833
-0.0026729178942957736
-0.0026656932450508128
-0.0026885922447094585
-0.0027128904449845942
-0.0027443825601916245
-0.002762905044527456
-0.002738896504591147
-0.002771100992823916
-0.002824059869176299
-0.0027978262508451756
-0.0028265615778102996
-0.002832493558916864
-0.002828902525613008
-0.0028670569721158316
-0.0028424643889377638
-0.002885420171233372
-0.0028997638132740025
-0.0029185034654598528
-0.0029339430026276
-0.0029454432785810257
-0.002921440242343551
-0.0029293548614853695
-0.002975529964243439
-0.0029779850647628026
-0.0029709896983085207
-0.0029981315918086245
-0.0029817222891730176
-0.0030195295298587436
-0.0030393197929551355
-0.0029897965197236594
-0.0030151745805864407
-0.0030804466567175884
-0.0030554145724721107
-0.0031022644965244075
-0.0031294207855129953
-0.0031324180190074923
-0.0031095494443684874
-0.003143255876854188
-0.0031259133873194397
-0.0031419974054541617
-0.003149094522475861
-0.003183304365511099
-0.003165461276485759
-0.003210861816393686
-0.0031935850550762358
-0.0031863758876646896
-0.0032122143555898997
-0.0032189196134509842
-0.00323999948655735
-0.003219710971068756
-0.003221328749598312
-0.003251669173046639
-0.00321529460023981
-0.003222911365841376
-0.0032824597985811397
-0.003256378418359945
-0.003289754759616983
-0.0032819681432563774
-0.0032925628608246227
-0.003260669237394563
-0.0033204188151612674
-0.0033280303301013317
-0.0033130975945795805
-0.0033367634347377085
-0.003350640068969202
-0.003332770002616673
-0.0033042225573127132
-0.003311474953255359
-0.00330991501257072
-0.003307207142021255
-0.003329682839986974
-0.003329434553127853
-0.0033639969479521887
-0.003369534861179031
-0.003367193166949879
-0.003344563234545321
-0.0033099747040525956
-0.0033475097652611156
-0.0033442425066311744
-0.003361482795512349
-0.0033683248881653943
-0.003384731664451239
-0.0033654137070534065
-0.00333148650486592
-0.0033548065694783595
-0.0033713228427677635
-0.0033557310399287424
-0.003323200113651659
-0.0033132098630011264
-0.0033532912366743424
-0.0033657688715807775
-0.0033622010282648492
-0.00333856914242166
-0.0033378718042919924
-0.0033743673077883773
-0.0033555422438588515
-0.00331656330382301
-0.0033509943607115174
-0.003329137299137594
-0.0033263049906826028
-0.003343885165531662
-0.003358927903080052
-0.0033495345799551732
-0.003359523239171756
-0.0033588399640906096
-0.003356835752552713
-0.003353781322990446
-0.0033271258357657637
-0.0033173720328115697
-0.0033228467065761114
-0.0033815318313096896
-0.003342684118087041
-0.00339814969950155
-0.003335769741874086
-0.003365368746095669
-0.0033612879247175197
-0.0033534834123694953
-0.003341156757482888
-0.0033268767157340097
-0.003383388559227496
-0.003372144967397186
-0.003331587587062429
-0.003315540924642827
-0.0033033442236676805
-0.0032659932989472624
-0.003277691212849723
-0.0033113762805559457
-0.0033142406397116716
-0.0033330866757959234
-0.0033034287968142155
-0.0032667950396027853
-0.0033228636397049476
-0.003308535648283378
-0.0032895878276477833
-0.003266600754416057
-0.003274579331393373
-0.003326841463431114
-0.0032802615613089117
-0.0032709754658551598
-0.0032740574672440515
-0.0032596017592784092
-0.003294332095059049
-0.0032877673218584063
-0.003297744121676133
-0.0032941617793785
-0.003295710911775986
-0.003292369720757817
-0.003272633567266133
-0.0032381637886401814
-0.0032736286219829736
-0.0032672562434464115
-0.0032790760884922067
-0.0032636141215423775
-0.0032790884372349066
-0.003266921955395325
-0.0032505323320621013
-0.003246061550233852
-0.00324132451234427
-0.0032568704829993005
-0.003240055422497015
-0.0032330976430882015
-0.0032445992839950956
-0.0032350502560796208
-0.0032195898279379913
-0.0032331649722761877
-0.0032189466874996777
-0.0031913791206624217
-0.003218801950158713
-0.0032177457241870304
-0.0031944415484190434
-0.0032137659804813883
-0.0032319492297669143
-0.0031840316829984
-0.0031913338753336885
-0.0032054974877819375
-0.0031986829167322947
-0.0032098862455177146
-0.00319504819729105
-0.003198822069021556
-0.003212614009087549
-0.0031942742496935865
-0.003174428108349395
-0.003174357470866315
-0.0031936666285194773
-0.003138165455374012
-0.003148582920827738
-0.0031365884741285585
-0.003107051117225686
-0.00313681614668826
-0.0031138724594937813
-0.0031172097846606786
-0.0030939535408385814
-0.0031123181525263815
-0.0031011124212587783
-0.003070950368587208
-0.0031254177331718103
-0.0031013838832209335
-0.0031112128525399487
-0.0030815029243430945
-0.003068736978142811
-0.003092091249531768
-0.003101070981953487
-0.003058982224388696
-0.0030750058138697216
-0.003072774699624646
-0.003058242332044934
-0.0030289586885579966
-0.0030505633005230804
-0.0030509405592510875
-0.0030586518860256143
-0.003029282990598898
-0.003023743401709129
-0.00304998315916455
-0.003034514079338383
-0.003016500618937661
-0.0030299248465170806
-0.0030262055471483814
-0.0030159813665481504
-0.003010000420053721
-0.003014626332097291
-0.002989450333821935
-0.0029905682731321097
-0.002985938710843479
-0.0029961338850640175
-0.003004609148532352
-0.0029786403367930924
-0.002973155860610972
-0.002973144113496877
-0.002975814198154611
-0.0029733035560936673
-0.002937085887434866
-0.00295627475650826
-0.0029388060124238354
-0.002922393099931351
-0.0029158239268381302
-0.0029081400400510302
-0.002911083298705102
-0.002909982903742254
-0.002905240343258943
-0.0029165749890096887
-0.0028986330395767853
-0.0029028394051179105
-0.0028986087968158416
-0.002896834336628741
-0.002885039122270775
-0.0029002244510317144
-0.0028615873329006394
-0.002888067058860516
-0.002862474120280056
-0.0028566810683846827
-0.0028815438383852383
-0.0028342297037712845
-0.002835325469164471
-0.0028195932059055526
-0.0028249083586787214
-0.002830432666958584
-0.002847739673607942
-0.002815186095072052
-0.0028016183577001287
-0.0027927717203620637
-0.0028197827829993284
-0.002810214010583775
-0.002816155490688157
-0.002813315840484188
-0.0027609009485130157
-0.0027892304384489397
-0.002777219827710885
-0.0027510879628544938
-0.0027308943342277633
-0.0027394184949894305
-0.002765561421567417
-0.0027601674436259645
-0.002741669444013891
-0.0027534124191271243
-0.002740884819994945
-0.002735516688120005
-0.0027118320978463967
-0.0027213527631508947
-0.002724813292225756
-0.002715858775322143
-0.0026941460081395196
-0.0026820622341802826
-0.00269727844160597
-0.0026861641423570957
-0.002694637169504318
-0.002683381922662958
-0.0026723382559829738
-0.0026600011113540297
-0.0026459023588919633
-0.002652707555427734
-0.002661154244113081
-0.0026412826771828554
-0.002632794835701183
-0.0026319064063128677
-0.0026174996343392106
-0.0026111434566683986
-0.0026271767072159327
-0.002636142260245124
-0.0026348923759488335
-0.002598719306159726
-0.0026290155824972615
-0.0026135344748068282
-0.002615161836123088
-0.002591813101249665
-0.0025884659696785374
-0.002602179716020222
-0.0025922617782889465
-0.0026074126787151634
-0.0025855488531796146
-0.002578986168154152
-0.00257914954642678
-0.0025674595407389443
-0.002565900683783772
-0.0025416258555593214
-0.0025495805341552782
-0.0025574200384181956
-0.0025508003720994083
-0.0025338730887986684
-0.002522447383582156
-0.0025297403966969513
-0.0025121648455526066
-0.002513066371187389
-0.0025105586345617248
-0.002510932127225024
-0.0025014115523310982
-0.0024920338604130675
-0.0024890266981126563
-0.002488210563295656
-0.002482918785790075
-0.0024795202156404927
-0.0024777679422411584
-0.0024666711032862213
-0.0024735742130345077
-0.0024602647410742447
-0.002458216396434328
-0.0024547777538586908
-0.0024443503585222367
-0.002446861755717104
-0.0024393779117582053
-0.0024365932019728043
-0.0024260758425724118
-0.0024149700681561463
-0.002412052380730791
-0.002406542847116857
-0.0024019853698779062
-0.002403095475708018
-0.0023925910496014305
-0.00240612321071336
-0.0023856926940355786
-0.002402106270853896
-0.0023858372047889037
-0.0023679518637567507
-0.002372326765835809
-0.002367791343731604
-0.002368420108674937
-0.0023623505654970013
-0.0023505070200067414
-0.002350182308708289
-0.002356850256290946
-0.0023465146140653143
-0.002349180296332906
-0.0023344948431670404
-0.0023402161051040635
-0.0023166018781587945
-0.0023404644158808606
-0.0023084837459401235
-0.002315818632293079
-0.002324946174379248
-0.00230646644086646
-0.002298292424342077
-0.002304803009670113
-0.002290164282163537
-0.0022863716746042047
-0.0022832247208681685
-0.002273996082750771
-0.002290896291791202
-0.0022799589960391976
-0.0022696885783177597
-0.002269045092389821
-0.002273504826721403
-0.002261151883563315
-0.002260209724416623
-0.0022601983526655462
-0.0022316722616248655
-0.0022234252335172518
-0.0022380554009274987
-0.0022410419475177544
-0.0022149586443967174
-0.002222210743026498
-0.002221664532522686
-0.002218339699827482
-0.0022155594424799517
-0.002214250641147103
-0.002217519084257445
-0.0022202593475410762
-0.0022029192431609074
-0.0021883214953794267
-0.0021847998902162586
-0.0021862586465417762
-0.002185161015591956
-0.002174210553040171
-0.0021639295304125483
-0.002167223124028099
-0.0021615560013026297
-0.0021512698455384807
-0.002149435427163042
-0.0021474918185528723
-0.0021525360787355
-0.0021541183800788508
-0.002139776298220194
-0.0021401344827132606
-0.002122833728208796
-0.002137888099780291
-0.0021297199420513206
-0.0021288742330672255
-0.002136415574629507
-0.0021158239878497523
-0.0021192234771775743
-0.0021068101738916825
-0.0021086315466035633
-0.002110176468815833
-0.0020954807142992706
-0.002092675630876138
-0.0020886837643803524
-0.002090457999594035
-0.0020902341872414986
-0.0020772819499344226
-0.002076276127714943
-0.002070399780995008
-0.002063782189919747
-0.0020620066703777784
-0.0020612989933412275
-0.0020541135960866915
-0.002058481215146021
-0.002057574828845002
-0.0020584146307733972
-0.002038240193861417
-0.0020353534748491523
-0.0020306407659158587
-0.0020281419487328113
-0.0020263603511094675
-0.0020186168285771648
-0.0020154303824170506
-0.0020227025697114433