0.001	0.9906744942253883
0.002	0.9705996098749434
0.003	0.9459636123897678
0.004	0.9194624746925623
0.005	0.8923633717179149
0.006	0.8652562976263015
0.007	0.8383794958466713
0.008	0.8117858494326999
0.009000000000000001	0.7854446959756778
0.010000000000000002	0.7593134632326993
0.011	0.7333880591173653
0.012	0.707730184691976
0.013000000000000001	0.6824688478887575
0.014000000000000002	0.657779195322113
0.015	0.6338489043987104
0.016	0.610845188246203
0.017	0.5888922281969168
0.018000000000000002	0.5680623746367092
0.019000000000000003	0.5483788712395116
0.02	0.5298253344263828
0.021	0.5123574406396121
0.022000000000000002	0.4959138021732885
0.023	0.48042462303036454
0.024	0.4658178564005248
0.025	0.4520231751512875
0.026000000000000002	0.43897426960384683
0.027000000000000003	0.4266099784732419
0.028	0.41487466463435496
0.029	0.4037181369230145
0.030000000000000002	0.39309532293216914
0.031	0.3829658244232395
0.032	0.3732934353881011
0.033	0.364045668487002
0.034	0.3551933137658046
0.035	0.3467100402419066
0.036000000000000004	0.33857204318818285
0.037000000000000005	0.3307577356865696
0.038	0.32324748090366634
0.039	0.31602336068249987
0.04	0.3090689758978086
0.041	0.30236927425123666
0.042	0.29591040158825604
0.043000000000000003	0.28967957328583976
0.044000000000000004	0.28366496272612846
0.045	0.27785560430476347
0.046	0.27224130880945224
0.047	0.26681258934102897
0.048	0.2615605962375303
0.049	0.2564770597059312
0.05	0.2515542390714715
0.051000000000000004	0.246784877726378
0.052000000000000005	0.24216216300330284
0.053000000000000005	0.23767969031850558
0.054	0.233331431029639
0.055	0.22911170353630517
0.056	0.22501514722117272
0.057	0.22103669888771332
0.058	0.21717157139950904
0.059000000000000004	0.21341523426718786
0.060000000000000005	0.20976339596370988
0.061	0.2062119877780326
0.062	0.2027571490420388
0.063	0.19939521358675102
0.064	0.19612269730189086
0.065	0.19293628668827972
0.066	0.18983282830583093
0.067	0.18680931903129153
0.068	0.18386289704975475
0.069	0.18099083351250433
0.07	0.17819052480117317
0.07100000000000001	0.175459485344671
0.07200000000000001	0.17279534094099094
0.07300000000000001	0.17019582254095864
0.074	0.16765876045534903
0.075	0.16518207895063103
0.076	0.1627637912019965
0.077	0.1604019945753299
0.078	0.15809486621244825
0.079	0.1558406588963087
0.08	0.15363769717500467
0.081	0.1514843737252583
0.082	0.14937914593781723
0.083	0.147320532708682
0.084	0.14530711142145902
0.085	0.14333751510736897
0.08600000000000001	0.14141042977055016
0.08700000000000001	0.13952459186730418
0.08800000000000001	0.13767878592884175
0.089	0.13587184231791213
0.09	0.13410263511045195
0.091	0.13237008009406956
0.092	0.13067313287580662
0.093	0.12901078709218305
0.094	0.12738207271505203
0.095	0.1257860544472659
0.096	0.12422183020258798
0.097	0.12268852966468317
0.098	0.12118531292038717
0.099	0.11971136916278909
0.1	0.11826591545997148
0.101	0.1168481955855382
0.10200000000000001	0.11545747890731917
0.10300000000000001	0.11409305933088808
0.10400000000000001	0.11275425429474896
0.10500000000000001	0.1114404038142558
0.106	0.110150869571521
0.107	0.10888503404874425
0.108	0.10764229970255924
0.109	0.10642208817714649
0.11	0.10522383955400216
0.111	0.10404701163638524
0.112	0.10289107926658492
0.113	0.10175553367426649
0.114	0.10063988185425732
0.115	0.0995436459722346
0.116	0.09846636279686684
0.117	0.0974075831570479
0.11800000000000001	0.09636687142294176
0.11900000000000001	0.09534380500963022
0.12000000000000001	0.09433797390222647
0.121	0.0933489802013821
0.122	0.09237643768817565
0.123	0.09141997140742875
0.124	0.09047921726854888
0.125	0.08955382166304737
0.126	0.08864344109792958
0.127	0.08774774184419654
0.128	0.08686639959973977
0.129	0.08599909916594982
0.13	0.08514553413739487
0.131	0.08430540660396006
0.132	0.08347842686487186
0.133	0.08266431315405902
0.134	0.08186279137633433
0.135	0.08107359485390396
0.136	0.08029646408273992
0.137	0.07953114649837265
0.138	0.07877739625068479
0.139	0.07803497398730733
0.14	0.07730364664523977
0.14100000000000001	0.07658318725033483
0.14200000000000002	0.07587337472430566
0.14300000000000002	0.07517399369893137
0.14400000000000002	0.07448483433715063
0.14500000000000002	0.07380569216075054
0.146	0.0731363678843703
0.147	0.07247666725555338
0.148	0.07182640090059479
0.149	0.07118538417594175
0.15	0.07055343702491737
0.151	0.06993038383954833
0.152	0.06931605332728685
0.153	0.06871027838242852
0.154	0.06811289596203408
0.155	0.0675237469661755
0.156	0.06694267612233153
0.157	0.0663695318737682
0.158	0.06580416627174622
0.159	0.06524643487140398
0.16	0.06469619663117245
0.161	0.06415331381558419
0.162	0.06361765190134434
0.163	0.06308907948653865
0.164	0.06256746820285691
0.165	0.062052692630717526
0.166	0.06154463021718295
0.167	0.06104316119655991
0.168	0.060548168513584154
0.169	0.06005953774909264
0.17	0.05957715704809071
0.171	0.05910091705012554
0.17200000000000001	0.05863071082188088
0.17300000000000001	0.0581664337919118
0.17400000000000002	0.05770798368744098
0.17500000000000002	0.057255260473142194
0.17600000000000002	0.05680816629183893
0.177	0.05636660540704907
0.178	0.05593048414731054
0.179	0.05549971085222288
0.18	0.05507419582014602
0.181	0.054653851257495625
0.182	0.054238591229580975
0.183	0.053828331612930054
0.184	0.053422990049051045
0.185	0.053022485899579766
0.186	0.05262674020276617
0.187	0.052235675631253364
0.188	0.05184921645110524
0.189	0.051467288482040185
0.19	0.05108981905883056
0.191	0.050716736993828025
0.192	0.05034797254057742
0.193	0.049983457358482905
0.194	0.0496231244784911
0.195	0.049266908269758006
0.196	0.048914744407266945
0.197	0.048566569840366725
0.198	0.048222322762199545
0.199	0.04788194257999031
0.2	0.047545369886168976
0.201	0.04721254643029938
0.202	0.04688341509178858
0.203	0.046557919853352045
0.20400000000000001	0.04623600577521013
0.20500000000000002	0.045917618969993176
0.20600000000000002	0.04560270657833288
0.20700000000000002	0.04529121674511787
0.20800000000000002	0.04498309859639351
0.20900000000000002	0.044678302216885096
0.21	0.0443767786281257
0.211	0.044078479767169845
0.212	0.043783358465874576
0.213	0.04349136843073145
0.214	0.04320246422323155
0.215	0.04291660124074832
0.216	0.04263373569792185
0.217	0.04235382460852994
0.218	0.042076825767831116
0.219	0.041802697735365546
0.22	0.041531399818200226
0.221	0.04126289205460533
0.222	0.040997135198148835
0.223	0.0407340907021973
0.224	0.04047372070481074
0.225	0.040215988014020154
0.226	0.03996085609347664
0.227	0.03970828904846127
0.228	0.039458251612245254
0.229	0.03921070913279042
0.23	0.038965627559780315
0.231	0.03872297343197233
0.232	0.03848271386486184
0.233	0.03824481653864948
0.234	0.03800924968650316
0.23500000000000001	0.037775982083106126
0.23600000000000002	0.03754498303348369
0.23700000000000002	0.03731622236210016
0.23800000000000002	0.037089670402219124
0.23900000000000002	0.036865297985519206
0.24000000000000002	0.036643076431958674
0.241	0.03642297753988189
0.242	0.036204973576360946
0.243	0.03598903726776615
0.244	0.03577514179055911
0.245	0.035563260762302346
0.246	0.03535336823287973
0.247	0.03514543867592173
0.248	0.03493944698043057
0.249	0.03473536844259931
0.25	0.0345331787578201
0.251	0.03433285401287656
0.252	0.03413437067831511
0.253	0.0339377056009911
0.254	0.03374283599678442
0.255	0.033549739443480935
0.256	0.03335839387381478
0.257	0.033168777568667755
0.258	0.032980869150421484
0.259	0.032794647576458606
0.26	0.032610092132809014
0.261	0.03242718242793758
0.262	0.0322458983866695
0.263	0.03206622024425005
0.264	0.0318881285405352
0.265	0.03171160411430968
0.266	0.031536628097729565
0.267	0.03136318191088591
0.268	0.0311912472564867
0.269	0.031020806114653948
0.27	0.03085184073783332
0.271	0.030684333645813154
0.272	0.0305182676208505
0.273	0.03035362570290142
0.274	0.030190391184952838
0.275	0.030028547608453818
0.276	0.02986807875884342
0.277	0.029708968661173157
0.278	0.029551201575821456
0.279	0.029394761994298132
0.28	0.029239634635136638
0.281	0.02908580443987192
0.28200000000000003	0.028933256569101812
0.28300000000000003	0.0287819763986302
0.28400000000000003	0.02863194951568969
0.28500000000000003	0.02848316171524219
0.28600000000000003	0.028335598996355366
0.28700000000000003	0.028189247558653197
0.28800000000000003	0.028044093798839112
0.28900000000000003	0.027900124307289685
0.29	0.027757325864717425
0.291	0.027615685438901125
0.292	0.027475190181482007
0.293	0.027335827424824266
0.294	0.02719758467893857
0.295	0.027060449628466845
0.296	0.0269244101297273
0.297	0.026789454207817955
0.298	0.026655570053777562
0.299	0.026522746021802587
0.3	0.026390970626518812
0.301	0.026260232540306763
0.302	0.026130520590678986
0.303	0.026001823757708948
0.304	0.02587413117150961
0.305	0.025747432109761038
0.306	0.02562171599528577
0.307	0.02549697239367089
0.308	0.025373191010935867
0.309	0.025250361691245053
0.31	0.02512847441466389
0.311	0.02500751929495787
0.312	0.024887486577433372
0.313	0.024768366636819292
0.314	0.024650149975188815
0.315	0.024532827219920235
0.316	0.02441638912169623
0.317	0.024300826552540414
0.318	0.0241861305038907
0.319	0.024072292084708544
0.32	0.02395930251962323
0.321	0.023847153147110712
0.322	0.023735835417705818
0.323	0.023625340892247618
0.324	0.023515661240156988
0.325	0.02340678823774561
0.326	0.023298713766555963
0.327	0.02319142981173157
0.328	0.023084928460416824
0.329	0.02297920190018576
0.33	0.02287424241749933
0.331	0.022770042396190394
0.332	0.022666594315975952
0.333	0.022563890750996126
0.334	0.022461924368379117
0.335	0.022360687926831855
0.336	0.022260174275255683
0.337	0.022160376351386603
0.338	0.022061287180459504
0.339	0.02196289987389606
0.34	0.02186520762801559
0.341	0.02176820372276869
0.342	0.02167188152049282
0.343	0.021576234464689866
0.34400000000000003	0.021481256078824743
0.34500000000000003	0.021386939965145024
0.34600000000000003	0.02129327980352095
0.34700000000000003	0.021200269350305403
0.34800000000000003	0.02110790243721372
0.34900000000000003	0.021016172970222555
0.35000000000000003	0.02092507492848772
0.35100000000000003	0.020834602363280455
0.35200000000000004	0.020744749396941955
0.353	0.020655510221855595
0.354	0.020566879099436514
0.355	0.02047885035913854
0.356	0.020391418397477587
0.357	0.0203045776770717
0.358	0.020218322725697197
0.359	0.020132648135360493
0.36	0.02004754856138555
0.361	0.0199630187215166
0.362	0.019879053395035557
0.363	0.019795647421894325
0.364	0.01971279570186128
0.365	0.019630493193681944
0.366	0.019548734914253414
0.367	0.019467515937812364
0.368	0.01938683139513641
0.369	0.019306676472758393
0.37	0.019227046412193596
0.371	0.0191479365091795
0.372	0.019069342112927847
0.373	0.018991258625388762
0.374	0.01891368150052689
0.375	0.018836606243609024
0.376	0.018760028410503348
0.377	0.018683943606989786
0.378	0.018608347488081413
0.379	0.018533235757356697
0.38	0.018458604166302395
0.381	0.01838444851366682
0.382	0.018310764644823375
0.383	0.01823754845114422
0.384	0.01816479586938363
0.385	0.018092502881071268
0.386	0.018020665511914804
0.387	0.017949279831211976
0.388	0.017878341951271796
0.389	0.017807848026844784
0.39	0.01773779425456208
0.391	0.017668176872383194
0.392	0.017598992159052324
0.393	0.01753023643356316
0.394	0.017461906054631743
0.395	0.017393997420177554
0.396	0.017326506966812587
0.397	0.017259431169338087
0.398	0.017192766540249153
0.399	0.01712650962924666
0.4	0.01706065702275685
0.401	0.016995205343457997
0.402	0.01693015124981432
0.403	0.016865491435616903
0.404	0.016801222629531546
0.405	0.01673734159465341
0.406	0.016673845128068285
0.40700000000000003	0.01661073006042048
0.40800000000000003	0.01654799325548707
0.40900000000000003	0.01648563160975865
0.41000000000000003	0.01642364205202609
0.41100000000000003	0.016362021542973604
0.41200000000000003	0.01630076707477772
0.41300000000000003	0.016239875670712226
0.41400000000000003	0.016179344384758893
0.41500000000000004	0.01611917030122394
0.41600000000000004	0.016059350534360136
0.41700000000000004	0.015999882227994363
0.418	0.015940762555160685
0.419	0.0158819887177387
0.42	0.015823557946097234
0.421	0.015765467498743056
0.422	0.015707714661974834
0.423	0.015650296749541975
0.424	0.015593211102308404
0.425	0.015536455087921234
0.426	0.015480026100484058
0.427	0.015423921560235091
0.428	0.015368138913229745
0.429	0.015312675631027804
0.43	0.015257529210385085
0.431	0.015202697172949349
0.432	0.015148177064960681
0.433	0.015093966456955944
0.434	0.015040062943477516
0.435	0.01498646414278607
0.436	0.0149331676965774
0.437	0.014880171269703205
0.438	0.01482747254989578
0.439	0.014775069247496574
0.44	0.014722959095188481
0.441	0.01467113984773188
0.442	0.014619609281704327
0.443	0.01456836519524387
0.444	0.014517405407795862
0.445	0.014466727759863289
0.446	0.014416330112760547
0.447	0.014366210348370571
0.448	0.0143163663689053
0.449	0.014266796096669422
0.45	0.01421749747382733
0.451	0.014168468462173229
0.452	0.014119707042904458
0.453	0.014071211216397731
0.454	0.014022979001988562
0.455	0.013975008437753558
0.456	0.01392729758029569
0.457	0.01387984450453246
0.458	0.013832647303486878
0.459	0.013785704088081264
0.46	0.013739012986933806
0.461	0.01369257214615779
0.462	0.013646379729163594
0.463	0.013600433916463196
0.464	0.013554732905477372
0.465	0.013509274910345372
0.466	0.013464058161737189
0.467	0.013419080906668213
0.468	0.01337434140831639
0.46900000000000003	0.013329837945841767
0.47000000000000003	0.013285568814208344
0.47100000000000003	0.013241532324008388
0.47200000000000003	0.013197726801288872
0.47300000000000003	0.013154150587380325
0.47400000000000003	0.013110802038727793
0.47500000000000003	0.013067679526724068
0.47600000000000003	0.013024781437545069
0.47700000000000004	0.012982106171987282
0.47800000000000004	0.012939652145307387
0.47900000000000004	0.012897417787063919
0.48000000000000004	0.012855401540960912
0.481	0.012813601864693649
0.482	0.012772017229796267
0.483	0.012730646121491437
0.484	0.01268948703854185
0.485	0.01264853849310366
0.486	0.012607799010581752
0.487	0.01256726712948691
0.488	0.012526941401294674
0.489	0.012486820390306104
0.49	0.012446902673510228
0.491	0.01240718684044824
0.492	0.012367671493079407
0.493	0.012328355245648662
0.494	0.0122892367245558
0.495	0.012250314568226445
0.496	0.012211587426984444
0.497	0.012173053962925973
0.498	0.012134712849795197
0.499	0.012096562772861412
0.5	0.012058602428797752
0.501	0.01202083052556142
0.502	0.011983245782275305
0.503	0.011945846929111152
0.504	0.01190863270717411
0.505	0.01187160186838873
0.506	0.01183475317538633
0.507	0.01179808540139374
0.508	0.01176159733012342
0.509	0.011725287755664922
0.51	0.011689155482377638
0.511	0.01165319932478485
0.512	0.011617418107469121
0.513	0.011581810664968887
0.514	0.011546375841676308
0.515	0.011511112491736369
0.516	0.011476019478947195
0.517	0.01144109567666152
0.518	0.011406339967689413
0.519	0.011371751244202068
0.52	0.011337328407636831
0.521	0.011303070368603329
0.522	0.011268976046790662
0.523	0.011235044370875791
0.524	0.011201274278432951
0.525	0.011167664715844116
0.526	0.011134214638210611
0.527	0.011100923009265662
0.528	0.011067788801288043
0.529	0.011034810995016697
0.53	0.011001988579566397
0.531	0.010969320552344378
0.532	0.010936805918967892
0.533	0.010904443693182832
0.534	0.010872232896783199
0.535	0.01084017255953158
0.536	0.01080826171908049
0.537	0.010776499420894668
0.538	0.010744884718174245
0.539	0.010713416671778827
0.54	0.010682094350152424
0.541	0.010650916829249237
0.542	0.010619883192460345
0.543	0.010588992530541193
0.544	0.010558243941539909
0.545	0.010527636530726438
0.546	0.010497169410522533
0.547	0.010466841700432472
0.548	0.010436652526974604
0.549	0.010406601023613675
0.55	0.010376686330693895
0.551	0.010346907595372786
0.552	0.010317263971555754
0.553	0.010287754619831429
0.554	0.010258378707407706
0.555	0.010229135408048512
0.556	0.010200023902011275
0.557	0.010171043375985131
0.558	0.01014219302302975
0.559	0.010113472042514924
0.56	0.010084879640060758
0.561	0.010056415027478602
0.562	0.010028077422712533
0.5630000000000001	0.009999866049781618
0.5640000000000001	0.009971780138722687
0.5650000000000001	0.009943818925533827
0.5660000000000001	0.00991598165211846
0.5670000000000001	0.00988826756623006
0.5680000000000001	0.009860675921417438
0.5690000000000001	0.009833205976970676
0.5700000000000001	0.00980585699786761
0.5710000000000001	0.009778628254720947
0.5720000000000001	0.009751519023725893
0.5730000000000001	0.009724528586608426
0.5740000000000001	0.009697656230574083
0.5750000000000001	0.009670901248257301
0.5760000000000001	0.00964426293767134
0.5770000000000001	0.009617740602158743
0.578	0.0095913335503423
0.579	0.00956504109607656
0.58	0.00953886255839989
0.581	0.009512797261486997
0.582	0.009486844534602032
0.583	0.009461003712052114
0.584	0.009435274133141415
0.585	0.009409655142125722
0.586	0.009384146088167452
0.587	0.009358746325291198
0.588	0.009333455212339697
0.589	0.009308272112930326
0.59	0.009283196395411966
0.591	0.009258227432822444
0.592	0.009233364602846328
0.593	0.009208607287773186
0.594	0.009183954874456363
0.595	0.009159406754272051
0.596	0.009134962323078914
0.597	0.009110620981178088
0.598	0.009086382133273592
0.599	0.009062245188433156
0.6	0.009038209560049483
0.601	0.009014274665801899
0.602	0.008990439927618372
0.603	0.008966704771637994
0.604	0.008943068628173763
0.605	0.008919530931675862
0.606	0.008896091120695214
0.607	0.008872748637847443
0.608	0.008849502929777259
0.609	0.008826353447123167
0.61	0.008803299644482508
0.611	0.008780340980376921
0.612	0.008757476917218116
0.613	0.00873470692127403
0.614	0.008712030462635295
0.615	0.008689447015182077
0.616	0.008666956056551219
0.617	0.008644557068103775
0.618	0.008622249534892802
0.619	0.008600032945631532
0.62	0.008577906792661863
0.621	0.008555870571923113
0.622	0.008533923782921192
0.623	0.00851206592869797
0.624	0.008490296515801032
0.625	0.008468615054253708
0.626	0.008447021057525414
0.627	0.008425514042502271
0.628	0.00840409352945805
0.629	0.008382759042025375
0.63	0.008361510107167236
0.631	0.008340346255148762
0.632	0.008319267019509309
0.633	0.008298271937034783
0.634	0.008277360547730305
0.635	0.008256532394793029
0.636	0.008235787024585365
0.637	0.00821512398660839
0.638	0.00819454283347551
0.639	0.008174043120886421
0.64	0.008153624407601322
0.641	0.008133286255415347
0.642	0.008113028229133288
0.643	0.008092849896544537
0.644	0.00807275082839828
0.645	0.008052730598378957
0.646	0.008032788783081916
0.647	0.008012924961989343
0.648	0.0079931387174464
0.649	0.007973429634637624
0.65	0.00795379730156351
0.651	0.007934241309017376
0.652	0.007914761250562398
0.653	0.007895356722508901
0.654	0.007876027323891869
0.655	0.007856772656448633
0.656	0.007837592324596817
0.657	0.007818485935412497
0.658	0.007799453098608529
0.659	0.007780493426513099
0.66	0.007761606534048507
0.661	0.007742792038710138
0.662	0.00772404956054559
0.663	0.00770537872213408
0.664	0.007686779148565962
0.665	0.0076682504674225275
0.666	0.007649792308755911
0.667	0.007631404305069242
0.668	0.007613086091296964
0.669	0.007594837304785337
0.67	0.0075766575852731395
0.671	0.007558546574872532
0.672	0.00754050391805011
0.673	0.007522529261608143
0.674	0.007504622254665961
0.675	0.007486782548641558
0.676	0.007469009797233314
0.677	0.007451303656401951
0.678	0.007433663784352599
0.679	0.007416089841517048
0.68	0.007398581490536186
0.681	0.007381138396242582
0.682	0.007363760225643211
0.683	0.007346446647902392
0.684	0.007329197334324801
0.685	0.007312011958338753
0.686	0.0072948901954795154
0.687	0.00727783172337287
0.6880000000000001	0.007260836221718784
0.6890000000000001	0.00724390337227523
0.6900000000000001	0.007227032858842162
0.6910000000000001	0.00721022436724564
0.6920000000000001	0.007193477585322097
0.6930000000000001	0.007176792202902748
0.6940000000000001	0.007160167911798142
0.6950000000000001	0.007143604405782854
0.6960000000000001	0.007127101380580311
0.6970000000000001	0.007110658533847774
0.6980000000000001	0.007094275565161436
0.6990000000000001	0.0070779521760016536
0.7000000000000001	0.007061688069738338
0.7010000000000001	0.00704548295161644
0.7020000000000001	0.007029336528741611
0.7030000000000001	0.0070132485100659414
0.7040000000000001	0.006997218606373868
0.705	0.006981246530268191
0.706	0.006965331996156217
0.707	0.006949474720236036
0.708	0.006933674420482895
0.709	0.006917930816635733
0.71	0.0069022436301837955
0.711	0.006886612584353398
0.712	0.006871037404094779
0.713	0.006855517816069122
0.714	0.00684005354863562
0.715	0.006824644331838702
0.716	0.006809289897395377
0.717	0.006793989978682644
0.718	0.0067787443107250895
0.719	0.006763552630182499
0.72	0.006748414675337664
0.721	0.006733330186084232
0.722	0.006718298903914721
0.723	0.0067033205719085704
0.724	0.006688394934720366
0.725	0.00667352173856812
0.726	0.006658700731221666
0.727	0.006643931661991186
0.728	0.006629214281715765
0.729	0.006614548342752128
0.73	0.006599933598963418
0.731	0.0065853698057080955
0.732	0.006570856719828923
0.733	0.006556394099642065
0.734	0.006541981704926245
0.735	0.006527619296912035
0.736	0.0065133066382712145
0.737	0.0064990434931062385
0.738	0.00648482962693975
0.739	0.006470664806704267
0.74	0.006456548800731873
0.741	0.006442481378744037
0.742	0.006428462311841521
0.743	0.006414491372494362
0.744	0.006400568334531953
0.745	0.006386692973133181
0.746	0.006372865064816684
0.747	0.00635908438743118
0.748	0.006345350720145846
0.749	0.006331663843440832
0.75	0.00631802353909781
0.751	0.006304429590190639
0.752	0.00629088178107607
0.753	0.0062773798973845656
0.754	0.0062639237260111785
0.755	0.006250513055106499
0.756	0.006237147674067712
0.757	0.006223827373529689
0.758	0.006210551945356159
0.759	0.006197321182631002
0.76	0.0061841348796495485
0.761	0.006170992831910005
0.762	0.0061578948361049
0.763	0.00614484069011267
0.764	0.006131830192989234
0.765	0.006118863144959704
0.766	0.006105939347410138
0.767	0.006093058602879348
0.768	0.006080220715050811
0.769	0.006067425488744606
0.77	0.006054672729909456
0.771	0.006041962245614799
0.772	0.006029293844042962
0.773	0.006016667334481371
0.774	0.006004082527314823
0.775	0.005991539234017854
0.776	0.005979037267147136
0.777	0.005966576440333946
0.778	0.005954156568276697
0.779	0.005941777466733549
0.78	0.005929438952515045
0.781	0.005917140843476825
0.782	0.00590488295851241
0.783	0.00589266511754603
0.784	0.005880487141525514
0.785	0.005868348852415221
0.786	0.005856250073189079
0.787	0.005844190627823609
0.788	0.005832170341291072
0.789	0.005820189039552626
0.79	0.0058082465495515505
0.791	0.005796342699206542
0.792	0.005784477317405044
0.793	0.005772650233996622
0.794	0.005760861279786438
0.795	0.005749110286528717
0.796	0.005737397086920304
0.797	0.005725721514594263
0.798	0.005714083404113532
0.799	0.00570248259096461
0.8	0.00569091891155131
0.801	0.005679392203188587
0.802	0.005667902304096331
0.803	0.005656449053393331
0.804	0.0056450322910911645
0.805	0.005633651858088229
0.806	0.00562230759616376
0.807	0.0056109993479719405
0.808	0.005599726957036021
0.809	0.005588490267742503
0.81	0.005577289125335377
0.811	0.00556612337591038
0.812	0.005554992866409321
0.8130000000000001	0.005543897444614451
0.8140000000000001	0.005532836959142846
0.8150000000000001	0.005521811259440883
0.8160000000000001	0.0055108201957787175
0.8170000000000001	0.005499863619244824
0.8180000000000001	0.005488941381740576
0.8190000000000001	0.005478053335974863
0.8200000000000001	0.005467199335458759
0.8210000000000001	0.005456379234500224
0.8220000000000001	0.005445592888198843
0.8230000000000001	0.005434840152440618
0.8240000000000001	0.005424120883892809
0.8250000000000001	0.0054134349399987645
0.8260000000000001	0.005402782178972865
0.8270000000000001	0.005392162459795443
0.8280000000000001	0.005381575642207777
0.8290000000000001	0.005371021586707109
0.8300000000000001	0.005360500154541721
0.8310000000000001	0.005350011207706013
0.8320000000000001	0.005339554608935645
0.8330000000000001	0.005329130221702729
0.834	0.005318737910211012
0.835	0.005308377539391134
0.836	0.005298048974895927
0.837	0.00528775208309571
0.838	0.005277486731073658
0.839	0.005267252786621188
0.84	0.0052570501182333884
0.841	0.005246878595104471
0.842	0.005236738087123276
0.843	0.005226628464868796
0.844	0.0052165495996057305
0.845	0.005206501363280097
0.846	0.005196483628514845
0.847	0.005186496268605529
0.848	0.005176539157515997
0.849	0.005166612169874127
0.85	0.005156715180967572
0.851	0.005146848066739553
0.852	0.005137010703784706
0.853	0.005127202969344894
0.854	0.005117424741305127
0.855	0.005107675898189466
0.856	0.00509795631915696
0.857	0.005088265883997636
0.858	0.005078604473128497
0.859	0.005068971967589561
0.86	0.005059368249039926
0.861	0.005049793199753862
0.862	0.00504024670261694
0.863	0.005030728641122175
0.864	0.005021238899366219
0.865	0.005011777362045561
0.866	0.005002343914452758
0.867	0.004992938442472719
0.868	0.004983560832578979
0.869	0.004974210971830024
0.87	0.004964888747865644
0.871	0.0049555940489032935
0.872	0.004946326763734502
0.873	0.00493708678172129
0.874	0.0049278739927926364
0.875	0.004918688287440938
0.876	0.00490952955671853
0.877	0.004900397692234202
0.878	0.004891292586149762
0.879	0.0048822141311766175
0.88	0.004873162220572361
0.881	0.004864136748137428
0.882	0.004855137608211728
0.883	0.004846164695671331
0.884	0.004837217905925171
0.885	0.00482829713491177
0.886	0.004819402279095974
0.887	0.0048105332354657585
0.888	0.0048016899015289926
0.889	0.004792872175310267
0.89	0.004784079955347744
0.891	0.00477531314069002
0.892	0.004766571630893002
0.893	0.004757855326016825
0.894	0.004749164126622786
0.895	0.004740497933770297
0.896	0.0047318566490138474
0.897	0.004723240174400022
0.898	0.0047146484124645045
0.899	0.0047060812662291125
0.9	0.004697538639198877
0.901	0.004689020435359105
0.902	0.004680526559172496
0.903	0.004672056915576252
0.904	0.004663611409979227
0.905	0.004655189948259091
0.906	0.00464679243675951
0.907	0.0046384187822873565
0.908	0.004630068892109916
0.909	0.004621742673952146
0.91	0.004613440035993933
0.911	0.0046051608868673734
0.912	0.004596905135654064
0.913	0.004588672691882435
0.914	0.004580463465525086
0.915	0.004572277366996135
0.916	0.004564114307148595
0.917	0.004555974197271774
0.918	0.004547856949088681
0.919	0.00453976247475345
0.92	0.004531690686848803
0.921	0.004523641498383499
0.922	0.004515614822789834
0.923	0.004507610573921118
0.924	0.0044996286660492135
0.925	0.004491669013862062
0.926	0.004483731532461234
0.927	0.004475816137359504
0.928	0.00446792274447843
0.929	0.004460051270145953
0.93	0.00445220163109403
0.931	0.004444373744456258
0.932	0.004436567527765518
0.933	0.00442878289895166
0.934	0.004421019776339178
0.935	0.004413278078644908
0.936	0.004405557724975746
0.937	0.0043978586348263765
0.9380000000000001	0.004390180728077022
0.9390000000000001	0.004382523924991195
0.9400000000000001	0.004374888146213495
0.9410000000000001	0.004367273312767378
0.9420000000000001	0.004359679346052977
0.9430000000000001	0.004352106167844928
0.9440000000000001	0.004344553700290188
0.9450000000000001	0.004337021865905908
0.9460000000000001	0.004329510587577282
0.9470000000000001	0.004322019788555439
0.9480000000000001	0.0043145493924553364
0.9490000000000001	0.004307099323253659
0.9500000000000001	0.00429966950528676
0.9510000000000001	0.004292259863248581
0.9520000000000001	0.004284870322188607
0.9530000000000001	0.004277500807509845
0.9540000000000001	0.004270151244966784
0.9550000000000001	0.004262821560663398
0.9560000000000001	0.004255511681051151
0.9570000000000001	0.004248221532927008
0.9580000000000001	0.004240951043431477
0.9590000000000001	0.004233700140046658
0.9600000000000001	0.004226468750594282
0.961	0.004219256803233799
0.962	0.004212064226460464
0.963	0.004204890949103417
0.964	0.004197736900323823
0.965	0.004190602009612952
0.966	0.004183486206790354
0.967	0.004176389422001985
0.968	0.00416931158571837
0.969	0.004162252628732779
0.97	0.004155212482159402
0.971	0.004148191077431555
0.972	0.0041411883462998825
0.973	0.004134204220830578
0.974	0.004127238633403613
0.975	0.00412029151671098
0.976	0.00411336280375496
0.977	0.004106452427846365
0.978	0.004099560322602834
0.979	0.004092686421947111
0.98	0.004085830660105357
0.981	0.004078992971605446
0.982	0.0040721732912752965
0.983	0.004065371554241206
0.984	0.004058587695926187
0.985	0.004051821652048329
0.986	0.004045073358619155
0.987	0.00403834275194201
0.988	0.004031629768610441
0.989	0.00402493434550659
0.99	0.00401825641979961
0.991	0.0040115959289440725
0.992	0.004004952810678408
0.993	0.003998327003023334
0.994	0.0039917184442803105
0.995	0.003985127073029988
0.996	0.003978552828130692
0.997	0.003971995648716886
0.998	0.003965455474197666
0.999	0.0039589322442552585
1.	0.003952425898843529
1.001	0.003945936378186492
1.002	0.003939463622776846
1.003	0.003933007573374506
1.004	0.003926568171005146
1.005	0.003920145356958761
1.006	0.003913739072788217
1.007	0.003907349260307842
1.008	0.0039009758615919958
1.009	0.0038946188189736605
1.01	0.0038882780750430527
1.011	0.0038819535726462135
1.012	0.0038756452548836455
1.013	0.0038693530651089303
1.014	0.003863076946927358
1.015	0.0038568168441945844
1.016	0.003850572701015271
1.017	0.0038443444617417576
1.018	0.003838132070972723
1.019	0.003831935473551864
1.02	0.0038257546145665858
1.021	0.0038195894393466957
1.022	0.0038134398934631
1.023	0.0038073059227265262
1.024	0.0038011874731862243
1.025	0.003795084491128718
1.0259999999999998	0.003788996923076515
1.027	0.003782924715786866
1.0279999999999998	0.0037768678162505153
1.029	0.0037708261716904432
1.0299999999999998	0.003764799729560656
1.031	0.003758788437544941
1.0319999999999998	0.0037527922435556596
1.033	0.0037468110957325305
1.0339999999999998	0.0037408449424414275
1.035	0.003734893732273186
1.0359999999999998	0.0037289574140424143
1.037	0.0037230359367863087
1.0379999999999998	0.0037171292497634916
1.039	0.0037112373024528232
1.0399999999999998	0.0037053600445522685
1.041	0.0036994974259777274
1.0419999999999998	0.0036936493968618964
1.043	0.00368781590755313
1.0439999999999998	0.00368199690861431
1.045	0.0036761923508217185
1.0459999999999998	0.0036704021851639325
1.047	0.003664626362840697
1.0479999999999998	0.003658864835261839
1.049	0.0036531175540461514
1.0499999999999998	0.0036473844710203287
1.051	0.0036416655382178575
1.0519999999999998	0.0036359607078779604
1.053	0.0036302699324445137
1.0539999999999998	0.003624593164564998
1.055	0.0036189303570894195
1.0559999999999998	0.003613281463069285
1.057	0.003607646435756534
1.0579999999999998	0.0036020252286025276
1.059	0.0035964177952569855
1.0599999999999998	0.0035908240895669956
1.061	0.0035852440655759596
1.0619999999999998	0.0035796776775226177
1.063	0.0035741248798400065
1.0639999999999998	0.0035685856271544876
1.065	0.0035630598742847326
1.0659999999999998	0.0035575475762407503
1.067	0.0035520486882228905
1.0679999999999998	0.003546563165620882
1.069	0.0035410909640128468
1.0699999999999998	0.003535632039164348
1.071	0.0035301863470274288
1.0719999999999998	0.003524753843739649
1.073	0.003519334485623154
1.0739999999999998	0.003513928229183719
1.075	0.0035085350311098184
1.0759999999999998	0.0035031548482717043
1.077	0.003497787637720458
1.0779999999999998	0.003492433356687102
1.079	0.0034870919625816575
1.0799999999999998	0.0034817634129922525
1.081	0.0034764476656842175
1.0819999999999999	0.0034711446785991823
1.083	0.003465854409854186
1.0839999999999999	0.0034605768177407904
1.085	0.0034553118607242002
1.0859999999999999	0.0034500594974423903
1.087	0.0034448196867052153
1.0879999999999999	0.0034395923874935693
1.089	0.0034343775589585103
1.0899999999999999	0.0034291751604204053
1.091	0.0034239851513680817
1.0919999999999999	0.0034188074914579805
1.093	0.0034136421405133173
1.0939999999999999	0.0034084890585232477
1.095	0.003403348205642027
1.0959999999999999	0.0033982195421881985
1.097	0.0033931030286437594
1.0979999999999999	0.0033879986256533552
1.099	0.003382906294023461
1.0999999999999999	0.0033778259947215734
1.101	0.0033727576888754177
1.1019999999999999	0.003367701337772139
1.103	0.0033626569028575174
1.1039999999999999	0.003357624345735182
1.105	0.003352603628165814
1.1059999999999999	0.003347594712066386
1.107	0.00334259755950937
1.1079999999999999	0.003337612132721986
1.109	0.003332638394085417
1.1099999999999999	0.003327676306134061
1.111	0.0033227258315547737
1.1119999999999999	0.0033177869331861153
1.113	0.0033128595740175935
1.1139999999999999	0.003307943717188938
1.115	0.0033030393259893365
1.1159999999999999	0.0032981463638567347
1.117	0.003293264794377071
1.1179999999999999	0.0032883945812835673
1.119	0.0032835356884560064
1.1199999999999999	0.0032786880799200134
1.121	0.0032738517198463335
1.1219999999999999	0.0032690265725501388
1.123	0.003264212602490301
1.1239999999999999	0.0032594097742687134
1.125	0.00325461805262957
1.126	0.003249837402458693
1.127	0.0032450677887828246
1.128	0.0032403091767689574
1.129	0.0032355615317236366
1.13	0.0032308248190923033
1.131	0.003226099004458591
1.132	0.003221384053543686
1.133	0.0032166799322056417
1.134	0.003211986606438724
1.135	0.0032073040423727405
1.136	0.0032026322062724097
1.137	0.0031979710645366833
1.138	0.0031933205836981154
1.139	0.00318868073042221
1.14	0.0031840514715067896
1.141	0.0031794327738813447
1.142	0.0031748246046064137
1.143	0.0031702269308729464
1.144	0.003165639720001685
1.145	0.0031610629394425277
1.146	0.0031564965567739255
1.147	0.003151940539702255
1.148	0.00314739485606122
1.149	0.0031428594738112246
1.15	0.003138334361038782
1.151	0.003133819485955907
1.152	0.0031293148168995218
1.153	0.0031248203223308547
1.154	0.0031203359708348566
1.1549999999999998	0.0031158617311196025
1.156	0.003111397572015715
1.1569999999999998	0.003106943462475781
1.158	0.0031024993715737677
1.1589999999999998	0.003098065268504453
1.16	0.0030936411225828517
1.1609999999999998	0.0030892269032436483
1.162	0.003084822580040621
1.1629999999999998	0.0030804281226461004
1.164	0.003076043500850384
1.1649999999999998	0.0030716686845612
1.166	0.0030673036438031423
1.1669999999999998	0.003062948348717129
1.168	0.003058602769559848
1.1689999999999998	0.0030542668767032134
1.17	0.0030499406406338304
1.1709999999999998	0.003045624031952449
1.172	0.003041317021373435
1.1729999999999998	0.0030370195797242367
1.174	0.00303273167794485
1.1749999999999998	0.0030284532870872996
1.176	0.0030241843783151106
1.1769999999999998	0.0030199249229027917
1.178	0.0030156748922353102
1.1789999999999998	0.0030114342578075855
1.18	0.00300720299122397
1.1809999999999998	0.0030029810641977466
1.182	0.002998768448550616
1.1829999999999998	0.0029945651162121946
1.184	0.0029903710392195156
1.1849999999999998	0.002986186189716528
1.186	0.002982010539953606
1.1869999999999998	0.0029778440622870443
1.188	0.002973686729178582
1.1889999999999998	0.002969538513194908
1.19	0.002965399387007177
1.1909999999999998	0.002961269323390524
1.192	0.002957148295223592
1.1929999999999998	0.0029530362754880456
1.194	0.0029489332372681074
1.1949999999999998	0.002944839153750077
1.196	0.0029407539982218645
1.1969999999999998	0.0029366777440725253
1.198	0.0029326103647917953
1.1989999999999998	0.0029285518339696266
1.2	0.0029245021252957307
1.2009999999999998	0.00292046121255912
1.202	0.002916429069647657
1.2029999999999998	0.0029124056705475965
1.204	0.002908390989343141
1.2049999999999998	0.0029043850002159937
1.206	0.002900387677444907
1.2069999999999999	0.0028963989954052505
1.208	0.0028924189285685605
1.2089999999999999	0.002888447451502114
1.21	0.002884484538868481
1.2109999999999999	0.0028805301654251008
1.212	0.002876584306023846
1.2129999999999999	0.0028726469356106037
1.214	0.0028687180292248315
1.2149999999999999	0.002864797561999149
1.216	0.002860885509158915
1.2169999999999999	0.0028569818460218014
1.218	0.0028530865479973796
1.2189999999999999	0.002849199590586707
1.22	0.002845320949381913
1.2209999999999999	0.0028414506000657854
1.222	0.002837588518411372
1.2229999999999999	0.0028337346802815625
1.224	0.002829889061628691
1.2249999999999999	0.002826051638494137
1.226	0.002822222387007913
1.2269999999999999	0.002818401283388286
1.228	0.002814588303941365
1.2289999999999999	0.002810783425060715
1.23	0.002806986623226968
1.2309999999999999	0.0028031978750074275
1.232	0.0027994171570556873
1.2329999999999999	0.0027956444461112394
1.234	0.002791879718999097
1.2349999999999999	0.0027881229526294125
1.236	0.0027843741239970956
1.2369999999999999	0.0027806332101814385
1.238	0.0027769001883457354
1.2389999999999999	0.002773175035736919
1.24	0.0027694577296851763
1.2409999999999999	0.002765748247603598
1.242	0.0027620465669877872
1.2429999999999999	0.0027583526654155165
1.244	0.0027546665205463437
1.2449999999999999	0.00275098811012127
1.246	0.0027473174119623644
1.2469999999999999	0.002743654403972417
1.248	0.0027399990641345704
1.2489999999999999	0.002736351370511981
1.25	0.0027327113012474502
1.251	0.002729078834563089
1.252	0.0027254539487599574
1.253	0.0027218366222177236
1.254	0.002718226833394316
1.255	0.0027146245608255823
1.256	0.0027110297831249475
1.257	0.0027074424789830676
1.258	0.0027038626271675037
1.259	0.002700290206522373
1.26	0.002696725195968024
1.261	0.002693167574500694
1.262	0.0026896173211921883
1.263	0.0026860744151895434
1.264	0.0026825388357147
1.265	0.0026790105620641824
1.266	0.002675489573608762
1.267	0.0026719758497931482
1.268	0.002668469370135656
1.269	0.0026649701142278967
1.27	0.0026614780617344523
1.271	0.0026579931923925598
1.272	0.0026545154860117986
1.273	0.002651044922473779
1.274	0.0026475814817318263
1.275	0.0026441251438106754
1.276	0.0026406758888061583
1.277	0.0026372336968848984
1.278	0.002633798548284011
1.279	0.002630370423310787
1.28	0.002626949302342403
1.281	0.0026235351658256178
1.2819999999999998	0.0026201279942764688
1.283	0.002616727768279973
1.2839999999999998	0.002613334468489846
1.285	0.0026099480756281855
1.2859999999999998	0.002606568570485198
1.287	0.0026031959339188875
1.2879999999999998	0.002599830146854788
1.289	0.002596471190285652
1.2899999999999998	0.002593119045271184
1.291	0.002589773692937738
1.2919999999999998	0.0025864351144780436
1.293	0.002583103291150913
1.2939999999999998	0.0025797782042809767
1.295	0.0025764598352583826
1.2959999999999998	0.0025731481655385294
1.297	0.002569843176641792
1.2979999999999998	0.0025665448501532334
1.299	0.0025632531677223435
1.2999999999999998	0.002559968111062751
1.301	0.0025566896619519707
1.3019999999999998	0.002553417802231117
1.303	0.0025501525138046394
1.3039999999999998	0.002546893778640057
1.305	0.002543641578767689
1.3059999999999998	0.002540395896280395
1.307	0.002537156713333302
1.3079999999999998	0.0025339240121435513
1.309	0.0025306977749900293
1.3099999999999998	0.0025274779842131153
1.311	0.0025242646222144137
1.3119999999999998	0.002521057671456509
1.313	0.002517857114462695
1.3139999999999998	0.0025146629338167327
1.315	0.0025114751121625882
1.3159999999999998	0.002508293632204188
1.317	0.0025051184767051556
1.3179999999999998	0.0025019496284885766
1.319	0.002498787070436741
1.3199999999999998	0.0024956307854908967
1.321	0.002492480756651006
1.3219999999999998	0.0024893369669755
1.323	0.0024861993995810303
1.3239999999999998	0.0024830680376422324
1.325	0.00247994286439148
1.3259999999999998	0.0024768238631186516
1.327	0.0024737110171708784
1.3279999999999998	0.0024706043099523224
1.329	0.0024675037249239284
1.3299999999999998	0.00246440924560319
1.331	0.0024613208555639234
1.3319999999999999	0.00245823853843602
1.333	0.002455162277905224
1.3339999999999999	0.0024520920577129055
1.335	0.0024490278616558178
1.3359999999999999	0.0024459696735858777
1.337	0.0024429174774099355
1.3379999999999999	0.0024398712570895494
1.339	0.0024368309966407574
1.3399999999999999	0.002433796680133856
1.341	0.002430768291693176
1.3419999999999999	0.0024277458154968582
1.343	0.0024247292357766344
1.3439999999999999	0.0024217185368176092
1.345	0.0024187137029580354
1.3459999999999999	0.002415714718589102
1.347	0.0024127215681547117
1.3479999999999999	0.0024097342361512736
1.349	0.002406752707127476
1.3499999999999999	0.0024037769656840855
1.351	0.002400806996473723
1.3519999999999999	0.002397842784200664
1.353	0.0023948843136206107
1.3539999999999999	0.0023919315695405032
1.355	0.0023889845368182962
1.3559999999999999	0.002386043200362755
1.357	0.0023831075451332486
1.3579999999999999	0.0023801775561395466
1.359	0.002377253218441611
1.3599999999999999	0.002374334517149394
1.361	0.002371421437422638
1.3619999999999999	0.002368513964470666
1.363	0.0023656120835521877
1.3639999999999999	0.0023627157799751028
1.365	0.002359825039096288
1.3659999999999999	0.002356939846321413
1.367	0.002354060187104738
1.3679999999999999	0.0023511860469489173
1.369	0.0023483174114048047
1.3699999999999999	0.0023454542660712586
1.371	0.002342596596594951
1.3719999999999999	0.0023397443886701715
1.373	0.0023368976280386386
1.3739999999999999	0.002334056300489309
1.375	0.002331220391858183
1.376	0.002328389888028124
1.377	0.002325564774928666
1.378	0.002322745038535823
1.379	0.00231993066487191
1.38	0.002317121640005354
1.381	0.0023143179500505102
1.382	0.0023115195811674763
1.383	0.00230872651956191
1.384	0.0023059387514848552
1.385	0.0023031562632325497
1.386	0.0023003790411462513
1.387	0.0022976070716120567
1.388	0.0022948403410607246
1.389	0.0022920788359674957
1.39	0.0022893225428519174
1.391	0.0022865714482776726
1.392	0.002283825538852391
1.393	0.002281084801227491
1.394	0.002278349222097994
1.395	0.0022756187882023576
1.396	0.002272893486322305
1.397	0.002270173303282648
1.398	0.0022674582259511215
1.399	0.002264748241238213
1.4	0.002262043336096993
1.401	0.0022593434975229465
1.402	0.002256648712553809
1.403	0.002253958968269394
1.404	0.0022512742517914372
1.405	0.0022485945502834213
1.406	0.0022459198509504194
1.407	0.0022432501410389223
1.408	0.002240585407836693
1.4089999999999998	0.0022379256386725836
1.41	0.002235270820916392
1.4109999999999998	0.0022326209419786898
1.412	0.0022299759893106698
1.4129999999999998	0.002227335950403983
1.414	0.0022247008127905827
1.4149999999999998	0.0022220705640425683
1.416	0.002219445191772023
1.4169999999999998	0.002216824683630864
1.418	0.002214209027310684
1.4189999999999998	0.002211598210542598
1.42	0.0022089922210970893
1.4209999999999998	0.0022063910467838522
1.422	0.002203794675451649
1.4229999999999998	0.0022012030949881485
1.424	0.0021986162933197804
1.4249999999999998	0.002196034258411585
1.426	0.00219345697826706
1.4269999999999998	0.0021908844409280126
1.428	0.0021883166344744166
1.4289999999999998	0.002185753547024256
1.43	0.0021831951667333847
1.4309999999999998	0.002180641481795377
1.432	0.0021780924804413833
1.4329999999999998	0.002175548150939985
1.434	0.002173008481597048
1.4349999999999998	0.002170473460755583
1.436	0.002167943076795602
1.4369999999999998	0.002165417318133969
1.438	0.0021628961732242684
1.4389999999999998	0.002160379630556658
1.44	0.0021578676786577276
1.4409999999999998	0.002155360306090365
1.442	0.0021528575014536084
1.4429999999999998	0.002150359253382517
1.444	0.0021478655505480283
1.4449999999999998	0.0021453763816568173
1.446	0.0021428917354511653
1.4469999999999998	0.0021404116007088265
1.448	0.0021379359662428814
1.4489999999999998	0.0021354648209016124
1.45	0.0021329981535683665
1.4509999999999998	0.002130535953161419
1.452	0.0021280782086338457
1.4529999999999998	0.0021256249089733814
1.454	0.0021231760432023007
1.4549999999999998	0.002120731600377275
1.456	0.002118291569589248
1.4569999999999999	0.0021158559399633067
1.458	0.002113424700658545
1.4589999999999999	0.0021109978408679446
1.46	0.0021085753498182357
1.4609999999999999	0.0021061572167697788
1.462	0.002103743431016432
1.4629999999999999	0.0021013339818854258
1.464	0.002098928858737236
1.4649999999999999	0.002096528050965463
1.466	0.0020941315479966966
1.4669999999999999	0.0020917393392904052
1.468	0.002089351414338798
1.4689999999999999	0.002086967762666711
1.47	0.002084588373831483
1.4709999999999999	0.0020822132374228304
1.472	0.0020798423430627272
1.4729999999999999	0.0020774756804052825
1.474	0.0020751132391366232
1.4749999999999999	0.002072755008974769
1.476	0.002070400979669518
1.4769999999999999	0.002068051141002325
1.478	0.0020657054827861784
1.4789999999999999	0.002063363994865496
1.48	0.0020610266671159893
1.4809999999999999	0.002058693489444561
1.482	0.0020563644517891826
1.4829999999999999	0.002054039544118779
1.484	0.002051718756433109
1.4849999999999999	0.002049402078762663
1.486	0.0020470895011685322
1.4869999999999999	0.0020447810137423066
1.488	0.0020424766066059574
1.4889999999999999	0.002040176269911723
1.49	0.002037879993841999
1.4909999999999999	0.0020355877686092246
1.492	0.002033299584455771
1.4929999999999999	0.0020310154316538326
1.494	0.0020287353005053145
1.4949999999999999	0.0020264591813417233
1.496	0.0020241870645240547
1.4969999999999999	0.002021918940442691
1.498	0.0020196547995172853
1.4989999999999999	0.00201739463219666
1.5	0.002015138428958692
1.501	0.002012886180310212
1.502	0.0020106378767868935
1.503	0.0020083935089531507
1.504	0.002006153067402028
1.505	0.002003916542755096
1.506	0.0020016839256623517
1.507	0.0019994552068021056
1.508	0.0019972303768808855
1.509	0.0019950094266333257
1.51	0.0019927923468220717
1.511	0.0019905791282376724
1.512	0.001988369761698477
1.513	0.001986164238050539
1.514	0.001983962548167507
1.515	0.001981764682950534
1.516	0.001979570633328165
1.517	0.001977380390256248
1.518	0.0019751939447178253
1.519	0.0019730112877230435
1.52	0.0019708324103090455
1.521	0.0019686573035398794
1.522	0.0019664859585063945
1.523	0.0019643183663261518
1.524	0.0019621545181433176
1.525	0.001959994405128576
1.526	0.0019578380184790247
1.527	0.0019556853494180817
1.528	0.0019535363891953965
1.529	0.001951391129086745
1.53	0.001949249560393941
1.531	0.001947111674444739
1.532	0.0019449774625927437
1.533	0.0019428469162173136
1.534	0.0019407200267234695
1.535	0.001938596785541802
1.536	0.0019364771841283777
1.537	0.0019343612139646501
1.5379999999999998	0.0019322488665573646
1.539	0.001930140133438472
1.5399999999999998	0.0019280350061650344
1.541	0.0019259334763191316
1.5419999999999998	0.0019238355355077842
1.543	0.0019217411753628478
1.5439999999999998	0.0019196503875409357
1.545	0.0019175631637233224
1.5459999999999998	0.0019154794956158622
1.547	0.0019133993749488939
1.5479999999999998	0.0019113227934771618
1.549	0.0019092497429797186
1.5499999999999998	0.0019071802152598471
1.551	0.0019051142021449669
1.5519999999999998	0.0019030516954865549
1.553	0.001900992687160052
1.5539999999999998	0.0018989371690647848
1.555	0.0018968851331238766
1.5559999999999998	0.0018948365712841617
1.557	0.001892791475516103
1.5579999999999998	0.001890749837813711
1.559	0.0018887116501944507
1.5599999999999998	0.0018866769046991705
1.561	0.001884645593392007
1.5619999999999998	0.0018826177083603151
1.563	0.0018805932417145731
1.5639999999999998	0.0018785721855883088
1.565	0.0018765545321380163
1.5659999999999998	0.0018745402735430745
1.567	0.0018725294020056624
1.5679999999999998	0.0018705219097506877
1.569	0.001868517789025693
1.5699999999999998	0.0018665170321007928
1.571	0.0018645196312685772
1.5719999999999998	0.0018625255788440435
1.573	0.0018605348671645139
1.5739999999999998	0.0018585474885895563
1.575	0.0018565634355009063
1.5759999999999998	0.0018545827003023886
1.577	0.0018526052754198436
1.5779999999999998	0.0018506311533010445
1.579	0.0018486603264156207
1.5799999999999998	0.0018466927872549885
1.581	0.0018447285283322628
1.5819999999999999	0.0018427675421821951
1.583	0.0018408098213610797
1.5839999999999999	0.0018388553584466993
1.585	0.0018369041460382328
1.5859999999999999	0.001834956176756189
1.587	0.0018330114432423303
1.5879999999999999	0.001831069938159597
1.589	0.0018291316541920364
1.5899999999999999	0.001827196584044728
1.591	0.0018252647204437063
1.5919999999999999	0.001823336056135894
1.593	0.001821410583889026
1.5939999999999999	0.0018194882964915786
1.595	0.0018175691867526945
1.5959999999999999	0.0018156532475021127
1.597	0.0018137404715901
1.5979999999999999	0.0018118308518873744
1.599	0.001809924381285037
1.5999999999999999	0.0018080210526945017
1.601	0.001806120859047424
1.6019999999999999	0.0018042237932956306
1.603	0.0018023298484110507
1.6039999999999999	0.0018004390173856476
1.605	0.0017985512932313442
1.6059999999999999	0.0017966666689799614
1.607	0.0017947851376831445
1.6079999999999999	0.0017929066924122947
1.609	0.0017910313262585042
1.6099999999999999	0.001789159032332486
1.611	0.0017872898037645073
1.6119999999999999	0.0017854236337043212
1.613	0.0017835605153211016
1.6139999999999999	0.0017817004418033732
1.615	0.00177984340635895
1.6159999999999999	0.0017779894022148638
1.617	0.0017761384226173014
1.6179999999999999	0.0017742904608315385
1.619	0.001772445510141874
1.6199999999999999	0.001770603563851565
1.621	0.001768764615282761
1.6219999999999999	0.001766928657776443
1.623	0.0017650956846923496
1.6239999999999999	0.0017632656894089299
1.625	0.0017614386653232587
1.626	0.0017596146058509899
1.627	0.0017577935044262854
1.628	0.0017559753545017553
1.629	0.0017541601495483887
1.63	0.0017523478830555
1.631	0.0017505385485306604
1.632	0.001748732139499638
1.633	0.0017469286495063352
1.634	0.0017451280721127304
1.635	0.0017433304008988087
1.636	0.001741535629462512
1.637	0.0017397437514196665
1.638	0.0017379547604039337
1.639	0.0017361686500667393
1.64	0.0017343854140772182
1.641	0.0017326050461221596
1.642	0.0017308275399059365
1.643	0.0017290528891504512
1.644	0.0017272810875950842
1.645	0.0017255121289966205
1.646	0.0017237460071292002
1.647	0.0017219827157842617
1.648	0.0017202222487704756
1.649	0.0017184645999136937
1.65	0.0017167097630568873
1.651	0.001714957732060089
1.652	0.0017132085008003436
1.653	0.0017114620631716376
1.654	0.0017097184130848537
1.655	0.0017079775444677077
1.656	0.0017062394512646969
1.657	0.0017045041274370378
1.658	0.0017027715669626182
1.659	0.001701041763835931
1.66	0.0016993147120680308
1.661	0.001697590405686467
1.662	0.0016958688387352365
1.663	0.0016941500052747277
1.664	0.0016924338993816609
1.665	0.0016907205151490406
1.666	0.0016890098466860967
1.6669999999999998	0.0016873018881182324
1.668	0.0016855966335869673
1.6689999999999998	0.0016838940772498912
1.67	0.0016821942132806012
1.6709999999999998	0.0016804970358686568
1.672	0.001678802539219519
1.6729999999999998	0.001677110717554505
1.674	0.0016754215651107335
1.6749999999999998	0.0016737350761410672
1.676	0.0016720512449140683
1.6769999999999998	0.0016703700657139397
1.678	0.00166869153284048
1.6789999999999998	0.0016670156406090268
1.68	0.0016653423833504044
1.6809999999999998	0.0016636717554108808
1.682	0.0016620037511521058
1.6829999999999998	0.0016603383649510688
1.684	0.0016586755912000432
1.6849999999999998	0.0016570154243065397
1.686	0.001655357858693253
1.6869999999999998	0.001653702888798014
1.688	0.0016520505090737371
1.6889999999999998	0.001650400713988376
1.69	0.0016487534980248668
1.6909999999999998	0.0016471088556810878
1.692	0.0016454667814698
1.6929999999999998	0.0016438272699186118
1.694	0.0016421903155699128
1.6949999999999998	0.0016405559129808423
1.696	0.0016389240567232313
1.6969999999999998	0.0016372947413835558
1.698	0.0016356679615628913
1.6989999999999998	0.001634043711876864
1.7	0.001632421986955602
1.7009999999999998	0.0016308027814436903
1.702	0.0016291860900001206
1.7029999999999998	0.001627571907298247
1.704	0.001625960228025738
1.7049999999999998	0.001624351046884531
1.706	0.0016227443585907831
1.7069999999999999	0.0016211401578748283
1.708	0.001619538439481129
1.7089999999999999	0.0016179391981682321
1.71	0.0016163424287087191
1.7109999999999999	0.001614748125889167
1.712	0.0016131562845100966
1.7129999999999999	0.0016115668993859319
1.714	0.0016099799653449525
1.7149999999999999	0.0016083954772292495
1.716	0.0016068134298946794
1.7169999999999999	0.0016052338182108254
1.718	0.0016036566370609413
1.7189999999999999	0.0016020818813419209
1.72	0.001600509545964245
1.7209999999999999	0.001598939625851939
1.722	0.001597372115942534
1.7229999999999999	0.0015958070111870154
1.724	0.001594244306549786
1.7249999999999999	0.001592683997008621
1.726	0.0015911260775546222
1.7269999999999999	0.0015895705431921807
1.728	0.0015880173889389294
1.7289999999999999	0.001586466609825699
1.73	0.0015849182008964835
1.7309999999999999	0.0015833721572083902
1.732	0.0015818284738316022
1.7329999999999999	0.0015802871458493325
1.734	0.001578748168357786
1.7349999999999999	0.001577211536466117
1.736	0.0015756772452963851
1.7369999999999999	0.0015741452899835184
1.738	0.0015726156656752678
1.7389999999999999	0.001571088367532169
1.74	0.0015695633907275026
1.7409999999999999	0.0015680407304472473
1.742	0.001566520381890049
1.7429999999999999	0.0015650023402671727
1.744	0.0015634866008024636
1.7449999999999999	0.0015619731587323109
1.746	0.0015604620093056026
1.7469999999999999	0.0015589531477836907
1.748	0.001557446569440347
1.7489999999999999	0.0015559422695617276
1.75	0.0015544402434463324
1.751	0.0015529404864049624
1.752	0.0015514429937606858
1.753	0.0015499477608487994
1.754	0.0015484547830167806
1.755	0.001546964055624263
1.756	0.0015454755740429867
1.757	0.0015439893336567628
1.758	0.0015425053298614405
1.759	0.0015410235580648624
1.76	0.0015395440136868274
1.761	0.0015380666921590586
1.762	0.0015365915889251586
1.763	0.0015351186994405765
1.764	0.0015336480191725705
1.765	0.001532179543600166
1.766	0.0015307132682141269
1.767	0.0015292491885169094
1.768	0.0015277873000226316
1.769	0.0015263275982570366
1.77	0.0015248700787574515
1.771	0.001523414737072755
1.772	0.0015219615687633412
1.773	0.0015205105694010802
1.774	0.0015190617345692862
1.775	0.001517615059862679
1.776	0.0015161705408873486
1.777	0.0015147281732607219
1.778	0.0015132879526115217
1.779	0.0015118498745797398
1.78	0.0015104139348165939
1.781	0.0015089801289844976
1.782	0.001507548452757021
1.783	0.0015061189018188636
1.784	0.001504691471865809
1.785	0.0015032661586047002
1.786	0.0015018429577533991
1.787	0.001500421865040754
1.788	0.0014990028762065643
1.789	0.0014975859870015526
1.79	0.0014961711931873187
1.791	0.0014947584905363213
1.792	0.0014933478748318271
1.793	0.001491939341867893
1.7939999999999998	0.0014905328874493242
1.795	0.0014891285073916395
1.7959999999999998	0.0014877261975210455
1.797	0.0014863259536743968
1.7979999999999998	0.0014849277716991649
1.799	0.001483531647453407
1.7999999999999998	0.0014821375768057352
1.801	0.0014807455556352744
1.8019999999999998	0.0014793555798316422
1.803	0.001477967645294908
1.8039999999999998	0.0014765817479355638
1.805	0.001475197883674493
1.8059999999999998	0.0014738160484429378
1.807	0.0014724362381824633
1.8079999999999998	0.0014710584488449325
1.809	0.0014696826763924693
1.8099999999999998	0.0014683089167974324
1.811	0.001466937166042376
1.8119999999999998	0.0014655674201200259
1.813	0.001464199675033245
1.8139999999999998	0.0014628339267950012
1.815	0.0014614701714283401
1.8159999999999998	0.001460108404966352
1.817	0.001458748623452137
1.8179999999999998	0.0014573908229387833
1.819	0.001456034999489329
1.8199999999999998	0.0014546811491767365
1.821	0.0014533292680838567
1.8219999999999998	0.001451979352303407
1.823	0.0014506313979379326
1.8239999999999998	0.0014492854010997825
1.825	0.001447941357911077
1.8259999999999998	0.0014465992645036777
1.827	0.0014452591170191595
1.8279999999999998	0.0014439209116087804
1.829	0.001442584644433451
1.8299999999999998	0.0014412503116637062
1.831	0.001439917909479676
1.8319999999999999	0.0014385874340710565
1.833	0.0014372588816370787
1.8339999999999999	0.001435932248386483
1.835	0.001434607530537488
1.8359999999999999	0.0014332847243177641
1.837	0.0014319638259643996
1.8379999999999999	0.00143064483172388
1.839	0.0014293277378520518
1.8399999999999999	0.001428012540614102
1.841	0.0014266992362845206
1.8419999999999999	0.0014253878211470824
1.843	0.0014240782914948106
1.8439999999999999	0.0014227706436299552
1.845	0.0014214648738639594
1.8459999999999999	0.0014201609785174376
1.847	0.0014188589539201445
1.8479999999999999	0.001417558796410948
1.849	0.001416260502337801
1.8499999999999999	0.0014149640680577167
1.851	0.0014136694899367385
1.8519999999999999	0.0014123767643499136
1.853	0.0014110858876812682
1.8539999999999999	0.0014097968563237784
1.855	0.001408509666679342
1.8559999999999999	0.001407224315158756
1.857	0.0014059407981816849
1.8579999999999999	0.0014046591121766384
1.859	0.0014033792535809422
1.8599999999999999	0.0014021012188407146
1.861	0.0014008250044108344
1.8619999999999999	0.0013995506067549233
1.863	0.0013982780223453113
1.8639999999999999	0.0013970072476630151
1.865	0.001395738279197714
1.8659999999999999	0.0013944711134477184
1.867	0.0013932057469199478
1.8679999999999999	0.0013919421761299073
1.869	0.0013906803976016559
1.8699999999999999	0.0013894204078677861
1.871	0.0013881622034693974
1.8719999999999999	0.0013869057809560693
1.873	0.001385651136885838
1.8739999999999999	0.0013843982678251694
1.875	0.0013831471703489376
1.876	0.0013818978410403962
1.877	0.0013806502764911537
1.878	0.0013794044733011525
1.879	0.0013781604280786394
1.88	0.0013769181374401439
1.881	0.0013756775980104537
1.882	0.0013744388064225884
1.883	0.0013732017593177783
1.884	0.0013719664533454353
1.885	0.0013707328851631348
1.886	0.001369501051436586
1.887	0.0013682709488396108
1.888	0.0013670425740541206
1.889	0.001365815923770091
1.89	0.0013645909946855368
1.891	0.001363367783506492
1.892	0.0013621462869469816
1.893	0.0013609265017290033
1.894	0.0013597084245825014
1.895	0.0013584920522453387
1.896	0.0013572773814632842
1.897	0.001356064408989979
1.898	0.001354853131586921
1.899	0.0013536435460234357
1.9	0.0013524356490766595
1.901	0.0013512294375315117
1.902	0.0013500249081806733
1.903	0.001348822057824565
1.904	0.001347620883271326
1.905	0.001346421381336787
1.906	0.0013452235488444512
1.907	0.0013440273826254721
1.908	0.001342832879518629
1.909	0.0013416400363703057
1.91	0.00134044885003447
1.911	0.0013392593173726485
1.912	0.001338071435253907
1.913	0.0013368852005548274
1.914	0.0013357006101594865
1.915	0.001334517660959434
1.916	0.001333336349853671
1.917	0.0013321566737486256
1.918	0.001330978629558138
1.919	0.0013298022142034318
1.92	0.001328627424613096
1.9209999999999998	0.001327454257723063
1.922	0.0013262827104765886
1.9229999999999998	0.001325112779824229
1.924	0.0013239444627238203
1.9249999999999998	0.0013227777561404573
1.926	0.0013216126570464739
1.9269999999999998	0.0013204491624214199
1.928	0.001319287269252041
1.9289999999999998	0.0013181269745322598
1.93	0.0013169682752631525
1.9309999999999998	0.001315811168452929
1.932	0.0013146556511169137
1.9329999999999998	0.0013135017202775244
1.934	0.001312349372964248
1.9349999999999998	0.0013111986062136285
1.936	0.0013100494170692385
1.9369999999999998	0.0013089018025816642
1.938	0.0013077557598084805
1.9389999999999998	0.001306611285814238
1.94	0.001305468377670435
1.9409999999999998	0.0013043270324555026
1.942	0.001303187247254785
1.9429999999999998	0.0013020490191605152
1.944	0.0013009123452718007
1.9449999999999998	0.0012997772226946008
1.946	0.0012986436485417066
1.9469999999999998	0.0012975116199327238
1.948	0.0012963811339940505
1.9489999999999998	0.0012952521878588606
1.95	0.0012941247786670813
1.9509999999999998	0.0012929989035653767
1.952	0.0012918745597071265
1.9529999999999998	0.0012907517442524085
1.954	0.0012896304543679783
1.9549999999999998	0.0012885106872272502
1.956	0.0012873924400102804
1.9569999999999999	0.0012862757099037431
1.958	0.0012851604941009189
1.9589999999999999	0.001284046789801669
1.96	0.001282934594212421
1.9609999999999999	0.00128182390454615
1.962	0.0012807147180223548
1.9629999999999999	0.0012796070318670469
1.964	0.001278500843312728
1.9649999999999999	0.0012773961495983724
1.966	0.001276292947969406
1.9669999999999999	0.0012751912356776937
1.968	0.0012740910099815147
1.9689999999999999	0.0012729922681455502
1.97	0.001271895007440861
1.9709999999999999	0.0012707992251448723
1.972	0.0012697049185413525
1.9729999999999999	0.0012686120849203996
1.974	0.0012675207215784206
1.9749999999999999	0.0012664308258181118
1.976	0.001265342394948446
1.9769999999999999	0.0012642554262846512
1.978	0.0012631699171481937
1.9789999999999999	0.0012620858648667622
1.98	0.0012610032667742465
1.9809999999999999	0.0012599221202107252
1.982	0.001258842422522442
1.9829999999999999	0.0012577641710617964
1.984	0.0012566873631873184
1.9849999999999999	0.0012556119962636564
1.986	0.001254538067661557
1.9869999999999999	0.0012534655747578518
1.988	0.0012523945149354356
1.9889999999999999	0.001251324885583253
1.99	0.0012502566840962798
1.9909999999999999	0.001249189907875506
1.992	0.0012481245543279201
1.9929999999999999	0.0012470606208664916
1.994	0.0012459981049101542
1.9949999999999999	0.0012449370038837891
1.996	0.0012438773152182087
1.9969999999999999	0.0012428190363501404
1.998	0.0012417621647222085
1.9989999999999999	0.0012407066977829211
2.	0.0012396526329866476
2.001	0.001238599967793612
2.002	0.001237548699669864
2.003	0.0012364988260872756
2.004	0.0012354503445235155
2.005	0.0012344032524620385
2.006	0.0012333575473920655
2.007	0.0012323132268085707
2.008	0.0012312702882122635
2.009	0.001230228729109574
2.01	0.0012291885470126357
2.011	0.0012281497394392713
2.012	0.0012271123039129762
2.013	0.0012260762379629022
2.014	0.0012250415391238418
2.015	0.0012240082049362149
2.016	0.0012229762329460496
2.017	0.0012219456207049697
2.018	0.001220916365770179
2.019	0.0012198884657044415
2.02	0.0012188619180760743
2.021	0.0012178367204589242
2.022	0.0012168128704323584
2.023	0.0012157903655812424
2.024	0.001214769203495934
2.025	0.0012137493817722623
2.026	0.0012127308980115097
2.027	0.0012117137498204062
2.028	0.0012106979348111067
2.029	0.0012096834506011775
2.03	0.0012086702948135846
2.031	0.001207658465076675
2.032	0.001206647959024165
2.033	0.0012056387742951237
2.034	0.001204630908533957
2.035	0.0012036243593903971
2.036	0.0012026191245194848
2.037	0.0012016152015815562
2.038	0.001200612588242226
2.039	0.0011996112821723761
2.04	0.0011986112810481405
2.041	0.0011976125825508893
2.042	0.0011966151843672147
2.043	0.0011956190841889197
2.044	0.0011946242797129993
2.045	0.0011936307686416312
2.046	0.001192638548682157
2.047	0.0011916476175470715
2.048	0.0011906579729540066
2.049	0.0011896696126257197
2.05	0.001188682534290077
2.0509999999999997	0.0011876967356800408
2.052	0.0011867122145336562
2.053	0.001185728968594037
2.054	0.0011847469956093519
2.0549999999999997	0.0011837662933328098
2.056	0.0011827868595226476
2.057	0.0011818086919421153
2.058	0.0011808317883594648
2.0589999999999997	0.001179856146547932
2.06	0.0011788817642857275
2.061	0.0011779086393560218
2.062	0.00117693676954693
2.0629999999999997	0.0011759661526515024
2.064	0.0011749967864677067
2.065	0.0011740286687984185
2.066	0.001173061797451405
2.0669999999999997	0.0011720961702393138
2.068	0.0011711317849796598
2.069	0.0011701686394948094
2.07	0.0011692067316119723
2.0709999999999997	0.0011682460591631832
2.072	0.0011672866199852916
2.073	0.0011663284119199503
2.074	0.0011653714328135984
2.0749999999999997	0.0011644156805174512
2.076	0.0011634611528874878
2.077	0.0011625078477844359
2.078	0.0011615557630737618
2.0789999999999997	0.0011606048966256563
2.08	0.00115965524631502
2.081	0.0011587068100214557
2.082	0.0011577595856292514
2.0829999999999997	0.0011568135710273693
2.084	0.0011558687641094326
2.085	0.0011549251627737147
2.086	0.0011539827649231257
2.0869999999999997	0.0011530415684651997
2.088	0.0011521015713120823
2.089	0.0011511627713805194
2.09	0.0011502251665918444
2.0909999999999997	0.0011492887548719642
2.092	0.0011483535341513507
2.093	0.0011474195023650254
2.094	0.0011464866574525498
2.0949999999999998	0.00114555499735801
2.096	0.0011446245200300068
2.097	0.0011436952234216455
2.098	0.0011427671054905198
2.0989999999999998	0.0011418401641987031
2.1	0.0011409143975127346
2.101	0.0011399898034036096
2.102	0.0011390663798467658
2.1029999999999998	0.0011381441248220713
2.104	0.001137223036313814
2.105	0.0011363031123106907
2.106	0.001135384350805793
2.1069999999999998	0.0011344667497965974
2.108	0.0011335503072849521
2.109	0.0011326350212770694
2.11	0.0011317208897835087
2.1109999999999998	0.0011308079108191674
2.112	0.0011298960824032715
2.113	0.0011289854025593616
2.114	0.0011280758693152817
2.1149999999999998	0.0011271674807031686
2.116	0.0011262602347594404
2.117	0.0011253541295247857
2.118	0.0011244491630441513
2.1189999999999998	0.0011235453333667306
2.12	0.0011226426385459556
2.121	0.0011217410766394818
2.122	0.001120840645709178
2.1229999999999998	0.0011199413438211187
2.124	0.0011190431690455674
2.125	0.0011181461194569706
2.126	0.0011172501931339437
2.127	0.0011163553881592618
2.128	0.0011154617026198465
2.129	0.0011145691346067595
2.13	0.0011136776822151867
2.131	0.0011127873435444293
2.132	0.0011118981166978947
2.133	0.0011110099997830838
2.134	0.0011101229909115814
2.135	0.0011092370881990435
2.136	0.0011083522897651886
2.137	0.0011074685937337884
2.138	0.001106585998232654
2.139	0.0011057045013936264
2.14	0.0011048241013525669
2.141	0.0011039447962493466
2.142	0.0011030665842278356
2.143	0.0011021894634358903
2.144	0.0011013134320253474
2.145	0.0011004384881520117
2.146	0.0010995646299756438
2.147	0.0010986918556599517
2.148	0.0010978201633725798
2.149	0.0010969495512851014
2.15	0.0010960800175730044
2.151	0.0010952115604156828
2.152	0.0010943441779964265
2.153	0.0010934778685024133
2.154	0.0010926126301246954
2.155	0.0010917484610581916
2.156	0.0010908853595016752
2.157	0.0010900233236577682
2.158	0.0010891623517329252
2.159	0.00108830244193743
2.16	0.0010874435924853802
2.161	0.0010865858015946805
2.162	0.0010857290674870332
2.163	0.001084873388387926
2.164	0.0010840187625266223
2.165	0.001083165188136157
2.166	0.001082312663453317
2.167	0.0010814611867186413
2.168	0.0010806107561764046
2.169	0.0010797613700746112
2.17	0.0010789130266649837
2.171	0.0010780657242029548
2.172	0.0010772194609476556
2.173	0.0010763742351619096
2.174	0.0010755300451122198
2.175	0.0010746868890687605
2.176	0.0010738447653053673
2.177	0.0010730036720995304
2.178	0.0010721636077323825
2.179	0.0010713245704886889
2.1799999999999997	0.0010704865586568402
2.181	0.0010696495705288425
2.182	0.0010688136044003087
2.183	0.0010679786585704467
2.1839999999999997	0.0010671447313420532
2.185	0.0010663118210215029
2.186	0.0010654799259187402
2.187	0.0010646490443472695
2.1879999999999997	0.0010638191746241458
2.189	0.0010629903150699666
2.19	0.0010621624640088632
2.191	0.0010613356197684894
2.1919999999999997	0.0010605097806800148
2.193	0.0010596849450781151
2.194	0.0010588611113009627
2.195	0.0010580382776902188
2.1959999999999997	0.001057216442591024
2.197	0.0010563956043519885
2.198	0.0010555757613251854
2.199	0.0010547569118661401
2.1999999999999997	0.0010539390543338226
2.201	0.001053122187090637
2.202	0.0010523063085024161
2.203	0.0010514914169384097
2.2039999999999997	0.0010506775107712756
2.205	0.0010498645883770755
2.206	0.00104905264813526
2.207	0.0010482416884286653
2.2079999999999997	0.0010474317076435019
2.209	0.0010466227041693462
2.21	0.001045814676399134
2.211	0.0010450076227291486
2.2119999999999997	0.0010442015415590153
2.213	0.0010433964312916916
2.214	0.001042592290333461
2.215	0.00104178911709392
2.2159999999999997	0.0010409869099859738
2.217	0.0010401856674258263
2.218	0.0010393853878329735
2.219	0.0010385860696301916
2.2199999999999998	0.0010377877112435331
2.221	0.0010369903111023145
2.222	0.001036193867639113
2.223	0.0010353983792897516
2.2239999999999998	0.001034603844493298
2.225	0.0010338102616920513
2.226	0.0010330176293315365
2.227	0.0010322259458604953
2.2279999999999998	0.0010314352097308787
2.229	0.0010306454193978387
2.23	0.0010298565733197211
2.231	0.0010290686699580538
2.2319999999999998	0.001028281707777545
2.233	0.0010274956852460698
2.234	0.001026710600834665
2.235	0.0010259264530175216
2.2359999999999998	0.001025143240271975
2.237	0.0010243609610784976
2.238	0.0010235796139206916
2.239	0.0010227991972852827
2.2399999999999998	0.001022019709662109
2.241	0.001021241149544114
2.242	0.001020463515427343
2.243	0.0010196868058109279
2.2439999999999998	0.0010189110191970885
2.245	0.0010181361540911157
2.246	0.0010173622090013704
2.247	0.0010165891824392736
2.2479999999999998	0.0010158170729192982
2.249	0.0010150458789589625
2.25	0.0010142755990788224
2.251	0.0010135062318024635
2.252	0.0010127377756564938
2.253	0.0010119702291705353
2.254	0.0010112035908772191
2.255	0.0010104378593121751
2.256	0.0010096730330140262
2.257	0.00100890911052438
2.258	0.0010081460903878213
2.259	0.001007383971151907
2.26	0.0010066227513671551
2.261	0.00100586242958704
2.262	0.0010051030043679863
2.263	0.001004344474269356
2.264	0.0010035868378534484
2.265	0.0010028300936854861
2.266	0.0010020742403336154
2.267	0.001001319276368891
2.268	0.001000565200365274
2.269	0.0009998120108996235
2.27	0.0009990597065516887
2.271	0.0009983082859041038
2.272	0.0009975577475423783
2.273	0.0009968080900548903
2.274	0.0009960593120328827
2.275	0.0009953114120704518
2.276	0.0009945643887645434
2.277	0.000993818240714944
2.278	0.000993072966524275
2.279	0.0009923285647979842
2.28	0.0009915850341443413
2.281	0.0009908423731744282
2.282	0.0009901005805021351
2.283	0.000989359654744151
2.284	0.0009886195945199572
2.285	0.000987880398451823
2.286	0.0009871420651647953
2.287	0.0009864045932866953
2.288	0.0009856679814481076
2.289	0.0009849322282823776
2.29	0.0009841973324256036
2.291	0.0009834632925166278
2.292	0.000982730107197031
2.293	0.0009819977751111284
2.294	0.0009812662949059585
2.295	0.0009805356652312798
2.296	0.0009798058847395638
2.297	0.0009790769520859853
2.298	0.0009783488659284212
2.299	0.0009776216249274387
2.3	0.0009768952277462916
2.301	0.0009761696730509133
2.302	0.0009754449595099109
2.303	0.0009747210857945565
2.304	0.000973998050578783
2.305	0.0009732758525391768
2.306	0.0009725544903549718
2.307	0.0009718339627080422
2.308	0.0009711142682828961
2.3089999999999997	0.0009703954057666695
2.31	0.0009696773738491213
2.311	0.0009689601712226249
2.312	0.0009682437965821618
2.3129999999999997	0.0009675282486253172
2.314	0.0009668135260522715
2.315	0.0009660996275657968
2.316	0.0009653865518712471
2.3169999999999997	0.000964674297676555
2.318	0.0009639628636922246
2.319	0.0009632522486313248
2.32	0.0009625424512094836
2.3209999999999997	0.0009618334701448814
2.322	0.0009611253041582449
2.323	0.0009604179519728429
2.324	0.0009597114123144779
2.3249999999999997	0.0009590056839114797
2.326	0.0009583007654947002
2.327	0.0009575966557975104
2.328	0.0009568933535557885
2.3289999999999997	0.000956190857507917
2.33	0.0009554891663947772
2.331	0.0009547882789597435
2.332	0.000954088193948675
2.3329999999999997	0.0009533889101099109
2.334	0.0009526904261942652
2.335	0.000951992740955021
2.336	0.0009512958531479212
2.3369999999999997	0.0009505997615311683
2.338	0.0009499044648654128
2.339	0.0009492099619137529
2.34	0.000948516251441722
2.3409999999999997	0.0009478233322172895
2.342	0.000947131203010851
2.343	0.0009464398625952244
2.344	0.0009457493097456417
2.3449999999999998	0.000945059543239746
2.346	0.0009443705618575847
2.347	0.0009436823643816039
2.348	0.0009429949495966415
2.3489999999999998	0.0009423083162899228
2.35	0.0009416224632510539
2.351	0.0009409373892720191
2.352	0.0009402530931471704
2.3529999999999998	0.0009395695736732238
2.354	0.0009388868296492571
2.355	0.0009382048598766978
2.356	0.0009375236631593237
2.3569999999999998	0.0009368432383032532
2.358	0.0009361635841169416
2.359	0.000935484699411176
2.36	0.0009348065829990677
2.3609999999999998	0.0009341292336960486
2.362	0.0009334526503198645
2.363	0.0009327768316905706
2.364	0.0009321017766305264
2.3649999999999998	0.0009314274839643876
2.366	0.0009307539525191045
2.367	0.0009300811811239131
2.368	0.0009294091686103318
2.3689999999999998	0.0009287379138121556
2.37	0.0009280674155654503
2.371	0.0009273976727085472
2.372	0.0009267286840820389
2.3729999999999998	0.0009260604485287722
2.374	0.000925392964893842
2.375	0.000924726232024592
2.376	0.0009240602487706008
2.377	0.0009233950139836826
2.378	0.0009227305265178804
2.379	0.0009220667852294593
2.38	0.0009214037889769044
2.381	0.0009207415366209127
2.382	0.0009200800270243878
2.383	0.0009194192590524386
2.384	0.0009187592315723686
2.385	0.0009180999434536753
2.386	0.000917441393568042
2.387	0.0009167835807893356
2.388	0.000916126503993599
2.389	0.0009154701620590452
2.39	0.0009148145538660564
2.391	0.0009141596782971759
2.392	0.0009135055342371023
2.393	0.0009128521205726866
2.394	0.0009121994361929258
2.395	0.0009115474799889596
2.396	0.0009108962508540625
2.397	0.0009102457476836411
2.398	0.0009095959693752284
2.399	0.0009089469148284803
2.4	0.0009082985829451671
2.401	0.000907650972629172
2.402	0.0009070040827864843
2.403	0.0009063579123251961
2.404	0.0009057124601554963
2.405	0.0009050677251896645
2.406	0.000904423706342069
2.407	0.0009037804025291595
2.408	0.0009031378126694644
2.409	0.0009024959356835834
2.41	0.0009018547704941843
2.411	0.0009012143160259993
2.412	0.000900574571205818
2.413	0.000899935534962482
2.414	0.0008992972062268849
2.415	0.0008986595839319615
2.416	0.0008980226670126869
2.417	0.0008973864544060713
2.418	0.0008967509450511534
2.419	0.0008961161378889989
2.42	0.000895482031862692
2.421	0.0008948486259173347
2.422	0.0008942159190000379
2.423	0.0008935839100599207
2.424	0.0008929525980481028
2.425	0.0008923219819177039
2.426	0.000891692060623832
2.427	0.0008910628331235868
2.428	0.0008904342983760493
2.429	0.0008898064553422815
2.43	0.0008891793029853168
2.431	0.0008885528402701611
2.432	0.0008879270661637847
2.433	0.0008873019796351171
2.4339999999999997	0.0008866775796550468
2.435	0.0008860538651964112
2.436	0.0008854308352339978
2.437	0.0008848084887445345
2.4379999999999997	0.000884186824706689
2.439	0.0008835658421010618
2.44	0.0008829455399101837
2.441	0.0008823259171185097
2.4419999999999997	0.0008817069727124162
2.443	0.0008810887056801949
2.444	0.0008804711150120511
2.445	0.0008798541997000953
2.4459999999999997	0.0008792379587383422
2.447	0.000878622391122705
2.448	0.0008780074958509919
2.449	0.0008773932719228995
2.4499999999999997	0.0008767797183400132
2.451	0.0008761668341057959
2.452	0.0008755546182255903
2.453	0.0008749430697066117
2.4539999999999997	0.0008743321875579425
2.455	0.0008737219707905306
2.456	0.0008731124184171851
2.457	0.0008725035294525688
2.4579999999999997	0.0008718953029131957
2.459	0.00087128773781743
2.46	0.0008706808331854771
2.461	0.000870074588039382
2.4619999999999997	0.0008694690014030231
2.463	0.0008688640723021119
2.464	0.0008682597997641845
2.465	0.0008676561828186002
2.4659999999999997	0.000867053220496536
2.467	0.0008664509118309832
2.468	0.0008658492558567438
2.469	0.0008652482516104232
2.4699999999999998	0.0008646478981304321
2.471	0.000864048194456976
2.472	0.0008634491396320559
2.473	0.0008628507326994602
2.4739999999999998	0.0008622529727047654
2.475	0.0008616558586953275
2.476	0.0008610593897202809
2.477	0.0008604635648305324
2.4779999999999998	0.0008598683830787601
2.479	0.0008592738435194053
2.48	0.0008586799452086722
2.481	0.0008580866872045221
2.4819999999999998	0.0008574940685666698
2.483	0.0008569020883565786
2.484	0.0008563107456374595
2.485	0.0008557200394742635
2.4859999999999998	0.0008551299689336793
2.487	0.0008545405330841311
2.488	0.0008539517309957711
2.489	0.000853363561740478
2.4899999999999998	0.0008527760243918541
2.491	0.0008521891180252171
2.492	0.000851602841717603
2.493	0.0008510171945477542
2.4939999999999998	0.0008504321755961236
2.495	0.0008498477839448635
2.496	0.0008492640186778285
2.497	0.0008486808788805663
2.4979999999999998	0.0008480983636403165
2.499	0.0008475164720460073
2.5	0.0008469352031882501
2.501	0.0008463545561593363
2.502	0.0008457745300532334
2.503	0.0008451951239655822
2.504	0.0008446163369936927
2.505	0.0008440381682365394
2.506	0.0008434606167947583
2.507	0.0008428836817706417
2.508	0.0008423073622681394
2.509	0.0008417316573928482
2.51	0.0008411565662520138
2.511	0.0008405820879545233
2.512	0.0008400082216109033
2.513	0.0008394349663333173
2.514	0.0008388623212355599
2.515	0.000838290285433053
2.516	0.0008377188580428461
2.517	0.0008371480381836071
2.518	0.0008365778249756229
2.519	0.0008360082175407936
2.52	0.00083543921500263
2.521	0.0008348708164862502
2.522	0.0008343030211183743
2.523	0.0008337358280273228
2.524	0.0008331692363430126
2.525	0.0008326032451969523
2.526	0.0008320378537222408
2.527	0.0008314730610535603
2.528	0.0008309088663271781
2.529	0.0008303452686809371
2.53	0.0008297822672542563
2.531	0.0008292198611881271
2.532	0.0008286580496251076
2.533	0.0008280968317093212
2.534	0.0008275362065864523
2.535	0.0008269761734037425
2.536	0.0008264167313099885
2.537	0.0008258578794555369
2.538	0.0008252996169922819
2.539	0.000824741943073662
2.54	0.0008241848568546564
2.541	0.0008236283574917806
2.542	0.0008230724441430852
2.543	0.0008225171159681488
2.544	0.0008219623721280804
2.545	0.0008214082117855098
2.546	0.0008208546341045885
2.547	0.0008203016382509842
2.548	0.0008197492233918789
2.549	0.000819197388695965
2.55	0.0008186461333334412
2.551	0.0008180954564760097
2.552	0.0008175453572968748
2.553	0.0008169958349707366
2.554	0.0008164468886737875
2.555	0.000815898517583713
2.556	0.0008153507208796854
2.557	0.0008148034977423597
2.558	0.0008142568473538726
2.559	0.0008137107688978383
2.56	0.0008131652615593451
2.561	0.0008126203245249522
2.562	0.0008120759569826868
2.5629999999999997	0.0008115321581220405
2.564	0.0008109889271339672
2.565	0.0008104462632108778
2.566	0.0008099041655466397
2.5669999999999997	0.0008093626333365696
2.568	0.000808821665777436
2.569	0.0008082812620674516
2.57	0.000807741421406271
2.5709999999999997	0.0008072021429949884
2.572	0.0008066634260361344
2.573	0.0008061252697336732
2.574	0.0008055876732929974
2.5749999999999997	0.0008050506359209267
2.576	0.0008045141568257053
2.577	0.0008039782352169981
2.578	0.0008034428703058861
2.5789999999999997	0.0008029080613048656
2.58	0.0008023738074278442
2.581	0.0008018401078901383
2.582	0.0008013069619084679
2.5829999999999997	0.0008007743687009569
2.584	0.0008002423274871268
2.585	0.0007997108374878969
2.586	0.0007991798979255783
2.5869999999999997	0.000798649508023873
2.588	0.0007981196670078677
2.589	0.000797590374104037
2.59	0.0007970616285402337
2.5909999999999997	0.0007965334295456894
2.592	0.0007960057763510108
2.593	0.0007954786681881772
2.594	0.0007949521042905361
2.5949999999999998	0.0007944260838928019
2.596	0.0007939006062310514
2.597	0.0007933756705427236
2.598	0.0007928512760666123
2.5989999999999998	0.0007923274220428679
2.6	0.0007918041077129909
2.601	0.0007912813323198306
2.602	0.0007907590951075835
2.6029999999999998	0.0007902373953217869
2.604	0.0007897162322093185
2.605	0.0007891956050183936
2.606	0.0007886755129985622
2.6069999999999998	0.000788155955400704
2.608	0.0007876369314770282
2.609	0.0007871184404810694
2.61	0.0007866004816676847
2.6109999999999998	0.0007860830542930512
2.612	0.000785566157614663
2.613	0.0007850497908913289
2.614	0.0007845339533831685
2.6149999999999998	0.0007840186443516104
2.616	0.0007835038630593885
2.617	0.0007829896087705406
2.618	0.0007824758807504043
2.6189999999999998	0.000781962678265613
2.62	0.0007814500005840976
2.621	0.00078093784697508
2.622	0.0007804262167090699
2.6229999999999998	0.0007799151090578644
2.624	0.0007794045232945438
2.625	0.0007788944586934706
2.626	0.0007783849145302836
2.627	0.0007778758900818983
2.628	0.0007773673846265015
2.629	0.0007768593974435526
2.63	0.0007763519278137752
2.631	0.0007758449750191601
2.632	0.0007753385383429578
2.633	0.0007748326170696795
2.634	0.0007743272104850926
2.635	0.0007738223178762184
2.636	0.0007733179385313284
2.637	0.0007728140717399442
2.638	0.0007723107167928326
2.639	0.0007718078729820034
2.64	0.0007713055396007067
2.641	0.0007708037159434315
2.642	0.0007703024013059015
2.643	0.0007698015949850736
2.644	0.0007693012962791336
2.645	0.0007688015044874972
2.646	0.0007683022189108018
2.647	0.0007678034388509099
2.648	0.0007673051636109019
2.649	0.0007668073924950764
2.65	0.0007663101248089456
2.651	0.0007658133598592356
2.652	0.0007653170969538789
2.653	0.0007648213354020175
2.654	0.0007643260745139962
2.655	0.0007638313136013634
2.656	0.000763337051976864
2.657	0.0007628432889544417
2.658	0.0007623500238492345
2.659	0.0007618572559775703
2.66	0.0007613649846569677
2.661	0.0007608732092061311
2.662	0.0007603819289449502
2.663	0.0007598911431944952
2.664	0.0007594008512770154
2.665	0.0007589110525159381
2.666	0.0007584217462358638
2.667	0.0007579329317625646
2.668	0.0007574446084229826
2.669	0.0007569567755452266
2.67	0.0007564694324585683
2.671	0.0007559825784934444
2.672	0.0007554962129814482
2.673	0.000755010335255331
2.674	0.0007545249446490002
2.675	0.0007540400404975131
2.676	0.0007535556221370779
2.677	0.0007530716889050504
2.678	0.0007525882401399317
2.679	0.0007521052751813641
2.68	0.0007516227933701317
2.681	0.0007511407940481554
2.682	0.0007506592765584917
2.683	0.000750178240245331
2.684	0.0007496976844539931
2.685	0.0007492176085309267
2.686	0.0007487380118237079
2.687	0.0007482588936810336
2.688	0.0007477802534527246
2.689	0.0007473020904897196
2.69	0.0007468244041440734
2.691	0.0007463471937689562
2.6919999999999997	0.0007458704587186496
2.693	0.0007453941983485443
2.694	0.0007449184120151399
2.695	0.0007444430990760395
2.6959999999999997	0.0007439682588899504
2.697	0.0007434938908166789
2.698	0.0007430199942171302
2.699	0.0007425465684533053
2.6999999999999997	0.0007420736128882992
2.701	0.0007416011268862978
2.702	0.0007411291098125758
2.703	0.000740657561033496
2.7039999999999997	0.0007401864799165044
2.705	0.0007397158658301298
2.706	0.0007392457181439808
2.707	0.0007387760362287448
2.7079999999999997	0.0007383068194561843
2.709	0.000737838067199134
2.71	0.0007373697788315017
2.711	0.0007369019537282631
2.7119999999999997	0.0007364345912654606
2.713	0.0007359676908202013
2.714	0.0007355012517706548
2.715	0.0007350352734960516
2.7159999999999997	0.0007345697553766777
2.717	0.0007341046967938773
2.718	0.0007336400971300465
2.719	0.0007331759557686348
2.7199999999999998	0.0007327122720941396
2.721	0.0007322490454921046
2.722	0.0007317862753491201
2.723	0.0007313239610528185
2.7239999999999998	0.0007308621019918724
2.725	0.000730400697555994
2.726	0.0007299397471359304
2.727	0.0007294792501234636
2.7279999999999998	0.0007290192059114083
2.729	0.0007285596138936082
2.73	0.0007281004734649355
2.731	0.0007276417840212876
2.7319999999999998	0.0007271835449595863
2.733	0.000726725755677774
2.734	0.0007262684155748135
2.735	0.0007258115240506842
2.7359999999999998	0.0007253550805063809
2.737	0.0007248990843439119
2.738	0.0007244435349662966
2.739	0.0007239884317775633
2.7399999999999998	0.0007235337741827467
2.741	0.0007230795615878877
2.742	0.0007226257934000286
2.743	0.0007221724690272142
2.7439999999999998	0.0007217195878784863
2.745	0.000721267149363884
2.746	0.0007208151528944423
2.747	0.0007203635978821873
2.7479999999999998	0.0007199124837401362
2.749	0.0007194618098822952
2.75	0.0007190115757236562
2.751	0.0007185617806801965
2.752	0.0007181124241688762
2.753	0.0007176635056076348
2.754	0.0007172150244153918
2.755	0.0007167669800120421
2.756	0.0007163193718184552
2.757	0.0007158721992564749
2.758	0.0007154254617489132
2.759	0.0007149791587195523
2.76	0.0007145332895931409
2.761	0.0007140878537953922
2.762	0.0007136428507529823
2.763	0.0007131982798935481
2.764	0.0007127541406456848
2.765	0.000712310432438945
2.766	0.0007118671547038367
2.767	0.0007114243068718206
2.768	0.0007109818883753084
2.769	0.0007105398986476595
2.77	0.0007100983371231849
2.771	0.0007096572032371359
2.772	0.0007092164964257104
2.773	0.0007087762161260456
2.774	0.0007083363617762211
2.775	0.0007078969328152522
2.776	0.0007074579286830902
2.777	0.0007070193488206203
2.778	0.0007065811926696609
2.779	0.0007061434596729593
2.78	0.0007057061492741913
2.781	0.0007052692609179592
2.782	0.0007048327940497908
2.783	0.0007043967481161349
2.784	0.000703961122564362
2.785	0.000703525916842762
2.786	0.000703091130400541
2.787	0.0007026567626878211
2.788	0.0007022228131556375
2.789	0.0007017892812559363
2.79	0.0007013561664415749
2.791	0.0007009234681663177
2.792	0.0007004911858848348
2.793	0.0007000593190527014
2.794	0.0006996278671263949
2.795	0.0006991968295632929
2.796	0.0006987662058216729
2.797	0.0006983359953607078
2.798	0.0006979061976404676
2.799	0.0006974768121219147
2.8	0.0006970478382669026
2.801	0.0006966192755381761
2.802	0.0006961911233993675
2.803	0.0006957633813149947
2.804	0.0006953360487504608
2.805	0.0006949091251720519
2.806	0.0006944826100469351
2.807	0.0006940565028431561
2.808	0.000693630803029638
2.809	0.0006932055100761806
2.81	0.0006927806234534572
2.811	0.0006923561426330127
2.812	0.0006919320670872638
2.813	0.0006915083962894946
2.814	0.0006910851297138575
2.815	0.0006906622668353688
2.816	0.0006902398071299102
2.8169999999999997	0.0006898177500742232
2.818	0.0006893960951459108
2.819	0.0006889748418234346
2.82	0.0006885539895861118
2.8209999999999997	0.0006881335379141152
2.822	0.0006877134862884709
2.823	0.0006872938341910571
2.824	0.0006868745811046014
2.8249999999999997	0.0006864557265126791
2.826	0.000686037269899713
2.827	0.0006856192107509704
2.828	0.0006852015485525623
2.8289999999999997	0.0006847842827914405
2.83	0.0006843674129553959
2.831	0.0006839509385330602
2.832	0.0006835348590138991
2.8329999999999997	0.0006831191738882143
2.834	0.0006827038826471403
2.835	0.0006822889847826437
2.836	0.0006818744797875209
2.8369999999999997	0.0006814603671553955
2.838	0.0006810466463807192
2.839	0.0006806333169587687
2.84	0.0006802203783856424
2.8409999999999997	0.0006798078301582625
2.842	0.0006793956717743695
2.843	0.0006789839027325237
2.844	0.0006785725225321024
2.8449999999999998	0.0006781615306732974
2.846	0.0006777509266571141
2.847	0.0006773407099853703
2.848	0.0006769308801606948
2.8489999999999998	0.0006765214366865246
2.85	0.0006761123790671039
2.851	0.0006757037068074829
2.852	0.0006752954194135162
2.8529999999999998	0.0006748875163918603
2.854	0.0006744799972499725
2.855	0.0006740728614961104
2.856	0.0006736661086393293
2.8569999999999998	0.0006732597381894793
2.858	0.0006728537496572065
2.859	0.0006724481425539502
2.86	0.0006720429163919408
2.8609999999999998	0.0006716380706841985
2.862	0.000671233604944532
2.863	0.0006708295186875371
2.864	0.0006704258114285961
2.8649999999999998	0.0006700224826838722
2.866	0.0006696195319703136
2.867	0.0006692169588056485
2.868	0.0006688147627083833
2.8689999999999998	0.0006684129431978041
2.87	0.0006680114997939707
2.871	0.0006676104320177205
2.872	0.0006672097393906609
2.8729999999999998	0.0006668094214351731
2.874	0.0006664094776744077
2.875	0.0006660099076322845
2.876	0.0006656107108334896
2.877	0.0006652118868034749
2.878	0.0006648134350684565
2.879	0.0006644153551554139
2.88	0.0006640176465920868
2.881	0.0006636203089069746
2.882	0.0006632233416293358
2.883	0.0006628267442891845
2.884	0.0006624305164172909
2.885	0.0006620346575451785
2.886	0.000661639167205123
2.887	0.0006612440449301517
2.888	0.0006608492902540406
2.889	0.000660454902711314
2.89	0.0006600608818372419
2.891	0.0006596672271678407
2.892	0.0006592739382398689
2.893	0.0006588810145908286
2.894	0.000658488455758961
2.895	0.000658096261283248
2.896	0.0006577044307034089
2.897	0.0006573129635598985
2.898	0.0006569218593939083
2.899	0.0006565311177473618
2.9	0.0006561407381629154
2.901	0.0006557507201839556
2.902	0.0006553610633545992
2.903	0.0006549717672196898
2.904	0.0006545828313247983
2.905	0.0006541942552162205
2.906	0.0006538060384409752
2.907	0.0006534181805468047
2.908	0.0006530306810821713
2.909	0.0006526435395962562
2.91	0.0006522567556389607
2.911	0.0006518703287609009
2.912	0.0006514842585134092
2.913	0.000651098544448532
2.914	0.0006507131861190268
2.915	0.0006503281830783649
2.916	0.0006499435348807255
2.917	0.0006495592410809967
2.918	0.0006491753012347742
2.919	0.0006487917148983587
2.92	0.0006484084816287559
2.921	0.0006480256009836738
2.922	0.0006476430725215234
2.923	0.0006472608958014152
2.924	0.000646879070383158
2.925	0.0006464975958272596
2.926	0.0006461164716949228
2.927	0.0006457356975480468
2.928	0.0006453552729492236
2.929	0.0006449751974617376
2.93	0.0006445954706495641
2.931	0.000644216092077368
2.932	0.0006438370613105031
2.933	0.0006434583779150096
2.934	0.000643080041457614
2.935	0.0006427020515057266
2.936	0.0006423244076274409
2.937	0.0006419471093915331
2.938	0.0006415701563674579
2.939	0.0006411935481253512
2.94	0.0006408172842360261
2.941	0.0006404413642709716
2.942	0.0006400657878023531
2.943	0.0006396905544030089
2.944	0.0006393156636464514
2.945	0.0006389411151068627
2.9459999999999997	0.0006385669083590963
2.947	0.0006381930429786748
2.948	0.0006378195185417872
2.949	0.0006374463346252897
2.9499999999999997	0.0006370734908067035
2.951	0.0006367009866642137
2.952	0.0006363288217766668
2.953	0.0006359569957235727
2.9539999999999997	0.0006355855080850991
2.955	0.000635214358442074
2.956	0.0006348435463759827
2.957	0.0006344730714689655
2.9579999999999997	0.0006341029333038194
2.959	0.0006337331314639945
2.96	0.0006333636655335926
2.961	0.0006329945350973689
2.9619999999999997	0.0006326257397407261
2.963	0.0006322572790497175
2.964	0.0006318891526110435
2.965	0.000631521360012051
2.9659999999999997	0.0006311539008407315
2.967	0.0006307867746857208
2.968	0.0006304199811362981
2.969	0.0006300535197823826
2.9699999999999998	0.0006296873902145356
2.971	0.0006293215920239555
2.972	0.00062895612480248
2.973	0.0006285909881425834
2.9739999999999998	0.0006282261816373742
2.975	0.0006278617048805962
2.976	0.0006274975574666268
2.977	0.0006271337389904737
2.9779999999999998	0.0006267702490477765
2.979	0.0006264070872348037
2.98	0.0006260442531484524
2.981	0.0006256817463862471
2.9819999999999998	0.0006253195665463371
2.983	0.0006249577132274976
2.984	0.000624596186029127
2.985	0.0006242349845512455
2.9859999999999998	0.0006238741083944958
2.987	0.0006235135571601395
2.988	0.0006231533304500576
2.989	0.0006227934278667488
2.9899999999999998	0.0006224338490133285
2.991	0.0006220745934935272
2.992	0.0006217156609116895
2.993	0.0006213570508727743
2.9939999999999998	0.0006209987629823507
2.995	0.0006206407968465999
2.996	0.0006202831520723123
2.997	0.000619925828266887
2.9979999999999998	0.0006195688250383301
2.999	0.0006192121419952539
3.	0.0006188557787468772